400
9896
5550
4708
7153
9751
9410
7011
821
220
7961
6929
874
3287
4942
3402
5062
3426
1877
6587
5572
8039
3761
3672
7138
466
7743
8858
5560
9282
6146
1456
5972
5017
2188
3574
6502
8050
6581
6963
9445
7154
5531
8940
685
5895
5527
102
3494
1757
1223
9465
3250
8047
6350
8320
4402
8491
4804
7276
6757
4382
7531
9496
8655
5855
3663
1400
3474
5592
5945
4522
4875
5998
3777
559
3867
482
2125
5091
5392
3999
4010
7975
6288
4820
3909
8224
7842
92
8407
5192
6057
6488
8827
5875
2221
4127
4461
5324
4231
9916
2593
4157
6969
821
2141
3838
6712
6268
5253
4212
6280
6270
1633
9547
5714
2264
1548
8014
3860
1290
8091
851
2213
9396
8903
4452
915
5325
3210
1144
9371
4578
3506
6976
9109
7067
8101
1501
2665
7225
9970
1774
4402
7884
8175
5303
4797
2257
325
6926
8989
4712
5300
367
8783
7140
9347
9328
4661
908
2568
5518
9522
6286
9792
678
7217
6995
172
2240
4626
5966
633
1413
4001
7150
8122
4321
6772
8674
6292
3379
114
2716
8326
2610
8139
6974
3778
3530
4887
449
4748
2324
3551
1285
6031
9363
7522
4051
2070
890
789
5038
7454
2524
5563
3303
6149
5643
124
6176
6478
9250
6917
7512
5669
7422
187
1733
1513
8519
4573
4224
4747
7548
3350
8346
4898
684
156
5149
9032
3553
4344
7581
1844
9239
242
9933
4596
7051
8264
7325
1319
2526
8635
7425
6245
8633
5734
6942
4700
4570
7051
2925
6504
5628
5948
1010
1725
9333
3507
2710
4468
1369
479
9984
8976
6731
8427
1842
9372
6996
2172
943
6739
9788
2215
6507
8827
8517
6173
827
3582
2920
9845
8076
9479
6087
1124
1839
7046
8561
3467
3665
5952
6532
764
3769
1142
7484
3434
7995
3407
5177
4045
1370
4437
6000
63
2986
89
1768
3494
9074
9700
5268
9966
256
1804
7024
5539
1463
3535
9109
2487
7396
719
5079
4854
9615
905
5709
2036
604
9619
4400
9054
9904
7362
4252
5670
5665
8373
2549
9189
9783
3570
4915
6140
8974
2907
2685
5067
5981
7421
9812
2589
7809
4964
9206
4142
2355
6814
3491
2011
296
5883
124
2836
1879
557
935
1536
9157
6866
239
9821
6812
4891
6201
1537
8586
5545
9633
6355
9974
7811
2786
3712
3533
8198
3653
5450
827
8217
2497
995
