1500
8899
2720
1057
2520
2242
9056
3156
5153
6385
8417
9069
5954
1874
3931
3933
9046
7545
630
9894
4758
2859
2421
7522
7976
1486
5135
356
8040
8944
6251
3958
1712
787
5623
3761
4055
6453
7557
9179
1428
8239
1107
4523
8926
7251
9845
6344
2946
9448
6289
9823
5327
6883
9735
9187
7953
7355
3355
7023
5224
3950
2017
199
1668
8994
7539
4189
5919
1859
1345
2543
5127
5931
4358
701
711
417
7924
7368
8130
5896
3707
5702
8971
5447
923
9027
9651
6649
3523
2225
5344
2443
9909
7135
1622
4419
9848
9912
8852
544
7881
947
8110
188
1183
8360
4963
6733
4362
6258
9546
4507
3688
6623
862
8253
3747
2628
2387
9148
970
9869
2931
1609
8347
9091
8778
6410
4186
3463
8266
9839
6560
3370
6972
9587
6482
4031
1220
9278
6717
3624
5231
9015
2747
701
2316
6471
1989
5275
7044
4057
9366
9704
3175
8717
7
2453
2757
8540
4748
1565
1221
6021
4954
6906
6405
1254
2787
5751
8143
1862
5776
8223
7221
3663
8537
2420
1769
1258
6420
7516
5835
2579
40
3542
2127
7627
781
3579
8714
7211
1283
6991
441
2278
6267
294
7358
7128
9637
1331
4456
7323
7814
9548
8750
7016
8758
5401
744
2986
3316
8475
1419
2526
9383
6698
3902
1478
7074
711
6973
5998
2146
4048
1402
5478
9831
9762
6026
2365
8973
5848
7795
4527
2454
6417
2657
1333
9029
7008
2303
9242
6921
2381
5880
4894
2469
5913
7514
548
1624
5518
4515
6454
6974
4117
1995
6392
2818
8865
5758
6490
2398
7209
9508
8886
8321
6787
527
1226
6011
140
833
2608
392
2708
951
4360
6519
8966
9621
9799
6981
9461
2031
9257
1179
97
9858
3185
4993
6041
2621
5858
7293
3515
8175
6182
2428
6263
6702
2603
5020
514
5137
3678
2580
4949
795
6207
4240
8885
7045
9028
8316
6126
134
8985
6668
2793
257
3893
5623
9933
1995
2521
9134
3089
968
6113
6412
2415
3154
1709
6539
181
2996
6441
464
7125
5097
9063
645
6204
2364
6223
2002
3119
5723
9357
7782
4449
3661
7576
5191
2305
7069
3331
7380
5488
9139
1996
7556
513
3549
8098
4397
2073
8079
788
4722
7030
7540
1365
6106
4988
4815
9051
9
4250
7379
6566
2637
8684
2923
3518
9271
6025
4710
5701
2980
9644
2291
7483
1016
1408
4678
4065
2022
8900
2788
2917
125
3582
816
9852
6530
5036
6978
4973
5478
6821
6449
3082
1573
3934
4605
5578
6379
4281
1355
8882
3906
5688
6782
8482
6012
7183
1646
699
361
6711
9944
846
9894
5839
9858
9216
6130
5005
5817
8538
2222
4739
3641
4140
9937
6124
7224
9873
2453
8517
3567
7310
2433
5800
8310
6564
5108
7204
5851
7830
1995
7417
3103
3492
1231
2479
9709
5541
7310
9270
4104
3779
116
9303
112
96
9045
9306
5520
5975
9322
1249
2391
5134
5862
6849
5936
6759
980
4625
241
8581
7855
3132
9229
2027
5757
5296
3510
9952
5849
1800
7954
6383
6060
1367
1609
6075
9591
4587
4345
2256
9791
3009
4005
1732
7093
1239
8528
5069
8161
8716
3010
2396
4730
6900
6486
2903
5717
3160
7824
1588
2392
6602
1229
8368
2714
5750
6984
5584
7689
6211
9398
6511
7655
8761
8768
4775
529
6717
747
9307
7677
2232
4821
9168
4432
4182
1677
7883
3194
4585
2543
1605
6399
2478
1324
3356
8338
7847
6114
9667
2688
4984
9469
7210
5286
3853
6681
9800
8783
8984
5107
2484
1262
953
9035
6291
1861
1781
920
2908
5104
5225
1912
1096
49
6104
9250
7061
6985
7088
4075
7321
1007
6139
1056
8131
8720
385
9238
4637
8227
4203
3580
9517
1159
1922
4538
5884
4860
118
9017
3966
9435
2219
7294
8271
147
4973
7460
1199
9921
2580
2837
3204
4571
7138
8021
8223
1385
3114
4171
7513
8176
6075
2572
9195
9500
2905
2518
8572
1082
2125
3958
7205
9023
6163
8358
6737
8089
5809
4535
7088
9168
1959
4758
5674
3512
9217
9966
2961
3445
3066
7515
3648
5275
7403
3782
2160
6930
7841
6770
9337
5698
1837
8353
3476
225
8180
595
319
6886
4743
8685
2650
4969
6077
9810
8591
1577
9676
7537
2815
8841
7862
5754
5670
2328
1632
8446
8752
9851
5406
1490
6278
5306
7722
4927
6992
1012
8132
6666
7231
9087
2963
4475
6418
3616
3242
2028
7909
2163
3333
96
5915
8072
2578
7165
2384
2458
9821
1111
6513
8813
8852
9067
2247
3491
425
1780
4766
3835
7110
3134
9843
808
3178
1877
9532
5561
2946
8760
6642
697
9315
5728
5946
309
3667
5943
8657
2182
6647
3959
4709
2683
2727
3472
7648
7188
8638
1700
3935
748
1070
211
3794
1124
6144
5023
5548
5640
5497
3595
5417
2241
2408
6325
5311
7734
2475
9180
8254
3456
7377
6320
5953
6793
4523
9189
9750
2927
460
1251
2458
8698
3216
9598
5405
408
6120
8701
2837
9122
4787
9384
5183
1789
9880
6883
2448
1087
2767
2977
9545
8283
1984
7319
1065
9579
7668
1967
7756
6457
3832
9317
8625
4378
6703
8850
5738
8487
983
3602
8444
8922
9668
8724
9031
6961
9096
1646
3599
9074
5012
4106
5112
5948
8344
64
209
7653
6742
5233
1559
8741
1381
9070
3130
8302
8801
8563
3900
3638
9504
8500
9941
4051
3056
6162
3461
819
5179
9049
497
5476
6684
9993
1518
6454
940
7199
2684
1259
4037
7392
9897
6264
4472
8578
3479
3036
8073
3254
1447
5049
3160
5637
1572
1123
5051
9750
1597
2468
2182
6218
7098
1050
1917
7780
1088
7406
4880
8008
7583
6402
7525
3839
1384
2998
724
6468
8252
6998
7483
2351
1584
8692
642
6699
4621
7085
1081
2565
1123
379
781
7667
9518
2999
3513
2639
5745
6280
2713
7823
4862
3581
1802
8099
6695
8690
734
1898
3839
4178
7131
3936
8506
5034
3251
2936
3955
9478
414
4386
652
7386
2051
42
1248
9375
9846
7997
8261
9784
203
1560
7277
8735
1512
4847
3627
5985
1913
3094
5346
1315
6301
6847
6953
8272
9342
2225
9739
3456
2398
1586
7163
7334
1421
1873
3589
102
4118
306
5568
7665
2201
3335
9215
1742
6804
6775
2375
6567
5994
1965
2826
7341
3381
6464
7442
5513
600
6634
729
6337
5901
3528
4581
5171
718
2077
1233
3744
271
7603
1367
4424
184
1151
730
5230
1136
5920
5567
2615
8372
8356
4507
2997
8872
4134
4407
3963
9124
8680
2737
3372
6352
824
4365
9748
9194
6307
9416
4674
1252
2739
1612
192
2587
9302
480
4593
433
7885
3927
7158
2748
7533
9673
6349
4248
8661
9086
3463
7287
5516
5030
7524
6921
919
4407
4542
1015
149
9054
446
5816
1095
246
4926
4102
7854
9286
1981
811
3490
7636
680
6790
3677
2327
2139
3098
3186
6251
1508
8405
5341
3790
4000
5549
3897
3719
1892
2662
2888
614
2282
5809
6738
1446
7046
2367
668
2463
8772
9411
4004
2377
4864
389
7544
858
8786
9058
8592
1088
1028
6529
8078
667
7009
4225
896
4481
4475
8446
3647
4213
2233
5618
7656
5778
5644
5367
1317
193
2028
4875
1095
7434
8947
6701
1073
7542
2054
2372
7028
1827
7820
1647
3811
7585
3180
9639
994
7050
9223
3344
6208
7503
623
7646
3774
1917
9715
8005
7787
2078
3896
9049
4141
7659
4021
2131
6990
3103
4491
421
2641
8855
4399
4820
9967
2998
6134
5972
6227
8805
6588
307
7150
728
5584
9835
9703
3211
5551
3147
9427
5147
1468
5487
4845
65
1833
7339
3586
7593
581
9703
9851
401
8082
612
1784
8844
7825
8237
3062
2311
6157
5704
8076
5923
1233
140
2040
5233
9270
893
1729
8876
6764
7554
1080
4415
9780
1784
2736
791
6857
9087
727
1187
3609
9458
3280
3561
115
5988
2271
5426
7359
9366
4000
2341
4164
9541
9508
5458
6682
9504
9017
9876
9997
6855
1700
4793
266
7279
5678
7982
3129
8034
5992
6707
9175
35
6925
1327
5807
2879
9587
5324
4757
3583
2028
8850
7647
4586
9535
5826
8304
2775
7550
6440
3777
304
5989
8692
9086
7091
3086
8082
1387
2562
8099
1285
6881
1562
8529
882
8153
4000
2997
1752
5860
6695
1750
542
613
3999
7678
5
6171
8263
9238
2749
4254
7667
8653
4499
6293
8520
2789
7015
9458
7956
6987
6475
363
9756
2465
7880
4294
829
3657
3259
5152
3891
4160
4333
6106
6584
2532
7312
384
1828
5892
3748
3319
5843
4883
970
675
1028
6376
864
578
973
5076
6779
1304
9068
6705
2339
9048
312
2372
9016
8876
5287
7567
1474
5474
5081
3494
6742
7459
321
7611
5236
1136
5379
5528
5101
3067
3368
8969
5091
2191
9855
8723
2040
9486
5871
8309
5864
1701
6151
6169
899
3341
3926
407
5282
6481
4966
8599
3067
8407
6130
7248
5552
3645
6569
1410
9281
5986
619
6829
1634
7950
1024
2427
9047
6302
632
369
