500
8245
3163
8721
5330
9298
4620
8147
8624
7882
7093
8268
3522
9687
9940
6521
9795
8568
9880
528
221
9765
3318
3941
9667
7660
438
680
7614
3290
4269
5532
2354
9093
9303
9651
7389
4646
4400
1540
3515
6324
8176
1631
5593
5531
7841
1111
2484
780
3454
4878
8877
7822
5658
8190
2955
8306
2585
5459
6205
6740
2047
4471
2475
1661
5027
7285
9399
6741
3968
2703
3446
4278
2760
9259
7045
2972
2261
6888
2569
4601
2254
8206
3111
6341
8658
9876
2717
610
6116
8299
2107
7341
3571
5463
3074
2209
3844
7597
2679
4933
2350
1432
115
6598
3298
6966
4010
9967
6453
9872
4726
6484
380
9014
7872
3855
4371
4232
1547
1313
4057
3634
9165
26
6268
4031
8698
5604
9564
3550
7214
746
7295
9026
2071
7110
2161
4291
6445
1703
1957
6258
5423
7249
5404
4409
524
9262
4464
7841
42
4771
2238
7613
2038
1230
8831
276
9241
2571
1377
6300
8786
9750
2518
9586
2342
7722
9545
9222
1346
7016
3352
5186
9736
6628
4082
2331
3853
649
4255
3649
5486
6140
4518
6097
3946
5262
9567
4793
5761
378
2886
6859
5959
5487
3912
4091
8292
72
1422
9523
8907
5831
9379
8933
6981
3664
2003
8112
6346
577
2018
380
2987
2351
7350
4080
4750
3676
1089
1987
1319
5013
3295
8159
5504
1720
2889
7201
4837
1411
820
5581
5902
7686
1993
7375
1450
7066
8994
8444
9908
1708
6349
1239
757
4722
208
2703
1622
9486
3849
5046
3359
7744
7969
7580
6881
5797
5037
8474
5421
8446
1855
2570
1999
6956
3552
8115
4538
8838
9410
2387
1217
4301
6102
518
7711
5831
2649
6739
6276
3175
4123
8309
5693
4926
1134
8934
559
8587
5911
2775
4463
9070
9796
8717
593
1722
9226
3718
8331
5848
889
6265
9573
4040
5662
7612
2511
6147
9814
2494
7759
972
6378
9412
21
4084
5259
6801
8093
109
7547
527
2161
9334
5766
5594
8936
2997
9307
1643
3407
7508
1627
8179
2146
2690
8220
3661
3288
2217
5626
6198
7064
2224
2795
712
5419
9590
2573
1138
6991
9855
351
3491
7109
5612
1001
6277
6425
434
3224
599
9868
7741
9770
6531
79
3534
8018
9118
2205
8255
2553
9965
965
7959
8113
6837
2771
1784
9607
1531
8282
7270
6645
9578
337
2818
3169
2946
295
5541
7909
4062
1636
1304
3099
2638
6685
2480
8837
8531
3539
4695
8119
137
6857
7861
8802
6926
9873
7710
7533
5505
1442
6228
9474
8470
1751
3357
4818
3989
5959
5040
4230
1970
5868
6969
2707
5592
5570
2060
9577
8015
5775
3798
3512
493
4921
1007
383
9480
1480
6923
3635
2568
1337
4959
3193
4635
4348
5777
6720
4323
156
6329
6014
1482
5640
5188
613
6613
8018
8391
9713
4534
1555
1408
4353
8652
2248
5015
5439
7174
2734
804
2350
2564
7814
3611
1071
8334
836
8610
8752
622
6858
9427
5250
3192
7612
6268
8549
4714
4064
