200
5164
313
1756
8027
4424
8758
8928
3922
3053
6027
9751
7908
2535
8229
7289
2890
7796
5047
5942
7649
9128
5539
2251
7065
9166
6354
5965
4713
3928
5408
8419
8700
6663
6439
8640
4940
9110
1510
6701
6937
2065
8557
9141
8406
9283
1320
8122
5009
1213
5622
7446
4189
8946
7476
2524
6462
4431
379
2348
7024
6456
3443
9733
9748
3374
7586
5460
7527
9468
8006
8411
8833
1969
5386
3454
4983
8072
9560
7670
7022
9618
3564
2664
7773
3733
9552
1040
8269
7374
5225
3159
784
8195
125
4243
635
8483
512
6269
8961
9854
4746
8206
2765
385
3622
9427
5275
9
8361
7056
3988
3785
7517
2497
3253
4759
3930
4859
4299
8784
4624
8800
2461
7676
2931
5810
3573
4172
3219
5023
6172
3040
7446
9530
6385
7285
4580
8251
4998
9019
2080
7292
2136
8245
5758
7076
8792
4762
5365
2289
4235
3560
307
4350
202
8632
4983
4708
2311
540
8367
3309
5373
4693
9166
1651
3698
9474
5818
4983
1356
8242
1263
2910
5245
7546
515
8486
3932
1362
5383
5158
7153
1194
7175
1763
5597
4683
5983
4671
2100
6408
2953
811
4664
226
3351
301
6099
