3000
7448
2958
2352
8031
9670
93
5048
3736
2829
7805
573
2733
2469
660
8412
1155
7852
8256
2385
5155
8652
5280
7990
5854
5525
2353
1427
8209
3770
7673
2020
8225
5656
6170
4568
1956
399
6099
6741
5500
3829
9385
4985
9312
7072
5629
9004
6776
6706
9706
8241
661
9954
1534
683
1946
4804
1347
7628
539
5690
1512
6137
8801
8707
496
5849
5512
6242
8807
4380
2197
1163
573
6297
3206
7958
6880
3215
904
8389
9946
8893
5183
4690
1236
3485
6998
5618
4613
1066
6355
9478
6188
5235
22
64
8406
7192
6350
8786
2860
7537
2248
7873
8956
7262
9349
3417
8434
8217
4422
2091
3778
3144
3191
2
517
6302
9909
4083
2446
7505
9837
9137
9544
1462
9155
2880
8126
4376
4187
3106
4806
7880
2200
830
1259
7279
3855
3390
5317
9374
1111
3815
9431
9814
2703
4180
6901
5300
9595
9627
6656
2724
301
6177
9952
1926
9980
2569
653
3694
2756
7623
5161
3541
9865
8643
1501
4990
1641
1801
6271
5075
2206
4126
9517
717
5596
3181
6120
6209
2653
4879
4224
40
3286
4568
6936
4728
2406
3166
6662
6686
9387
5429
8073
7645
2848
742
8231
9007
8135
9598
6866
9290
1055
9538
5639
3550
8466
6001
6499
6107
158
8433
2561
2512
2062
3675
6644
6206
2148
8515
5966
3003
4437
928
1355
7154
7249
1178
2525
5991
7981
8433
9204
2744
6863
2473
1866
5727
8581
5203
6376
4917
7315
1512
8345
1281
9735
846
4937
3245
8651
5373
521
6057
8342
7003
2226
4937
4591
8051
4803
7657
7839
4101
7432
6273
8657
391
1721
820
3097
9016
2749
5250
7647
6549
2553
9534
151
1157
4378
5977
8605
4031
5386
4909
4738
8443
2481
3094
4334
1318
780
6906
7937
2383
1731
4682
1050
1470
6873
6880
658
1412
6597
2920
3814
7918
1656
7196
80
6691
9786
7
6769
989
6886
8939
7821
9540
4910
5037
18
9990
6236
1246
4198
1123
7175
85
1037
7844
6510
4680
4372
4571
6724
9562
1901
9990
5128
8414
2087
9453
1343
2681
4137
9019
7905
9702
4698
522
9949
2355
6528
6647
3497
1560
6292
2820
7418
6568
5774
1724
1244
2287
2707
5681
8398
2972
1511
33
9118
8953
8816
6519
3420
2533
7193
3870
6606
34
95
1121
1824
7722
6396
8637
4149
4525
3549
8872
1486
9861
1394
2602
6758
8746
9874
6249
5096
4274
281
8580
909
2736
2287
581
150
3709
1685
2953
4178
6820
5359
8252
8588
839
873
8477
8885
8608
8695
4449
8105
4689
3613
8291
97
9501
3319
8329
8692
4559
422
850
4122
2760
8392
7323
3071
4391
7474
5137
6944
9120
5101
2720
3398
4879
7339
7290
6284
1013
6612
9492
3950
7953
3153
3514
2176
923
1508
1491
1816
4713
754
2943
8361
3988
1806
4540
2813
5733
6148
6168
1966
2665
5438
977
5217
8788
9590
5560
5071
2673
5513
2100
9553
7000
3780
3155
7400
5640
2478
4956
5943
5651
642
8271
2301
9673
3399
6333
963
9389
7822
4388
5246
1604
9047
2131
7937
3627
2703
5164
7202
5128
7738
1815
8199
8201
4202
4819
445
6153
4570
8583
1653
4449
4009
9575
5819
4123
8054
7970
6916
833
5300
2888
3428
8372
2634
1081
4458
297
4426
9657
3480
3693
1067
3407
1522
2378
5414
5229
6498
7362
8730
1721
4630
9943
3500
1178
3671
6317
6750
5135
2214
7751
2010
3721
9861
4462
4876
8664
2832
4000
3850
2067
4470
3333
608
1377
1752
1597
7324
5941
1372
3734
3139
2807
2878
9753
9182
1420
916
3491
7301
5479
1613
9761
821
5161
3333
7557
7713
2388
1831
9158
8371
2014
1360
9060
6605
3329
7948
808
7169
1951
9663
4569
1033
7763
626
2187
3747
2626
4615
3810
6637
96
827
4837
7577
3470
5640
382
4461
4305
3172
2941
762
4799
6585
1740
2006
4867
1586
4622
3560
5968
9134
6480
8272
4433
740
9569
8736
8414
8900
766
6219
5532
5478
3542
8345
540
5473
6860
7636
8531
457
8315
882
6169
9814
8436
7711
1482
9790
2578
5973
2875
8558
7743
459
3239
9242
1855
9832
1383
8206
7610
9939
8303
9408
3608
4905
9813
9381
1876
7241
9421
7484
1107
4671
944
1931
5438
9339
1147
4260
2138
8109
3508
3667
8921
4272
215
8327
857
9664
9886
3882
1755
7033
2783
7983
9502
302
4191
7159
1866
4178
4116
9616
4824
3318
4489
5323
8542
1808
3898
5144
1225
4804
1327
5616
9827
3873
8982
9727
2052
2379
5193
8956
20
8305
8878
4278
3406
6411
7869
9853
8193
6945
2908
8170
4096
6058
6278
7579
9673
6240
3883
6959
259
8220
4753
266
5584
2356
504
1046
7682
6542
3275
3575
7498
63
7553
2009
107
4148
9219
2056
9469
1580
4921
4220
8430
4096
910
6895
4387
1984
6642
8508
9148
8668
4285
917
789
1099
2720
9729
5000
876
9544
368
1856
8790
3436
6077
7897
6638
1126
9663
7603
6645
4319
6363
8373
7211
2962
74
191
964
5202
6739
2007
917
6103
1860
69
7804
3508
5538
4730
905
8356
7771
4907
6108
4451
7012
3516
8796
2489
2852
8327
4289
881
3308
7403
2303
9304
4001
5873
784
5872
2712
6842
2445
7748
4444
4037
425
2438
1487
1021
330
1812
1515
7726
2708
1114
340
1080
9619
9888
3452
6140
6356
4884
8658
7971
289
4307
3352
3406
7464
9328
6095
4712
8120
5815
2193
8808
2743
9643
6923
6339
1538
7787
8549
3038
3521
7444
4303
1537
6550
9472
4970
6694
82
9868
8641
705
213
8983
9074
6266
7744
7750
8124
6693
6808
6548
3846
7395
298
8887
10
3953
6133
9150
6413
1278
5384
1670
6283
6107
5257
1708
9699
7114
8975
8764
2973
345
9005
1144
9460
5864
6556
773
6740
197
788
9391
1808
8313
2422
2205
1424
1020
264
8559
5990
6499
9710
7476
9340
9306
7713
4600
9307
1052
1391
7098
2314
8479
4944
7595
97
8861
416
322
1945
4972
2477
6141
3107
4991
8415
7122
2033
1958
2542
8100
8773
6897
357
3281
2852
2306
6754
712
1686
5327
7942
5896
5212
3143
6623
3827
2895
8124
3279
7905
7937
3998
5865
353
8466
7113
632
4363
9906
5012
7708
6256
4797
715
6386
9363
584
471
6110
5233
8583
5768
7544
731
5288
1444
5632
4804
6687
2682
6431
2550
3695
4751
7964
6943
3890
4522
5367
5433
6837
4763
8421
7016
6851
8533
6489
2060
1085
285
8811
8918
2067
2058
6760
3175
3313
7292
2166
8659
6792
5914
834
1205
7511
4676
1304
5564
4007
8470
3342
6243
2320
6749
2670
2799
4539
9988
5598
9473
8213
1400
2813
2891
6493
6250
4268
7567
1419
386
5974
6067
860
6385
3646
7073
7278
7839
116
9707
628
962
1779
5051
7974
3584
8490
7497
6377
4172
3988
1542
3878
7132
8647
5620
7418
1099
5782
4664
314
6539
2131
6184
4496
1378
3413
1359
5654
4853
7537
4176
5774
3202
1352
1047
6715
9527
9709
6170
4448
0
449
1614
6563
5485
6189
2694
6830
3138
1403
9655
514
4793
4978
23
2231
1314
380
8355
8293
9514
9221
863
9096
8489
2018
6313
3204
1957
3596
391
2629
133
8760
3214
8289
6992
4260
9588
988
4627
8960
5421
1991
7761
1222
7682
9335
5108
3719
9345
1405
466
5268
6669
8823
8812
4805
5717
5507
1440
7642
8226
5483
3102
2956
8426
5602
6471
5695
6419
8921
6465
6935
7217
542
8631
9571
4911
3313
2637
8330
2684
3332
3234
9489
7837
623
9534
6806
3841
9806
9370
140
4594
727
7231
7539
534
763
9031
5379
5685
2713
4704
693
9061
5401
2335
7646
690
8140
8273
9513
9049
3693
924
1472
7379
116
2244
5911
2527
9015
3529
1653
7064
3309
7230
5647
2742
1553
6340
8211
2816
7631
5189
2878
2495
6158
8925
7178
2381
5594
3283
1800
9084
3709
8949
6917
8916
1545
4881
6860
8180
2692
8384
2169
282
6705
7980
9477
6685
8567
5251
8147
2535
4736
3684
6165
5169
8336
5574
2972
4614
7312
8359
7418
8233
6934
7474
5365
1715
7139
8138
4331
1572
9912
3299
7261
7595
4886
5728
2185
7969
2897
3174
7304
9791
752
3184
1136
5439
1795
3484
8263
5728
4897
1490
4325
3844
8334
1525
1604
4980
5589
6434
1927
2803
3432
85
2628
2239
4209
9036
399
5012
8595
9331
597
9210
1362
1181
7314
1391
9692
8964
2895
7136
3570
4888
1291
9456
6599
5187
9877
1451
8388
3406
8083
4180
9526
5628
6019
5739
7861
8084
6203
6810
2817
44
8686
9246
5291
2480
4862
323
2957
2114
8025
8233
8343
1980
9730
9602
215
8993
5548
3901
692
8193
8949
5677
8295
1275
7277
8562
8343
8333
9857
7657
2512
8151
4568
6479
47
7245
4042
913
7100
8731
2568
5295
3731
9683
7036
1790
7585
4913
2142
1885
7465
3664
4399
3584
3168
822
9542
9880
747
4282
1045
9827
674
9158
6711
4735
4801
6487
8840
426
2891
6177
5361
9574
6940
8976
8686
8056
6569
9145
5022
447
3078
3551
2919
3633
5460
3505
3171
9457
7716
2192
9915
525
8205
575
4894
8020
3174
4675
9309
4485
5472
8010
3655
4658
6339
8056
9020
9108
7012
732
6800
840
2671
6929
4207
9206
23
3696
3383
1474
1431
4659
5830
443
5332
5284
6241
8129
321
5060
9021
4709
3006
5272
7198
5048
2607
9198
9834
8165
9028
7853
201
1562
7786
4442
3228
7521
9469
4791
8055
6830
5640
2390
6732
4689
4987
4443
4900
3499
4520
3199
2173
4317
2810
6417
8779
2107
9618
1847
8604
912
767
3730
4669
9403
5641
6335
3058
6455
6778
3450
998
89
9178
7837
2559
866
5750
6310
28
7205
1292
4951
2031
5266
5958
8615
3873
9344
8000
3062
4518
7033
40
1949
4766
9039
9985
4116
6341
4748
5667
6013
2552
1256
4002
5085
4820
9524
2282
827
4717
2547
9204
9025
2807
3336
6920
2160
5941
6953
7631
7840
2380
3267
5427
5876
1506
5464
9109
7548
3785
3780
3802
4580
4034
5837
9428
4298
1167
5273
5193
7549
7818
6025
1026
7648
8283
2050
8706
6254
8938
5692
2657
5848
1489
5348
1252
3962
61
3916
8266
8107
6673
851
6485
1619
4903
4335
755
7015
4100
1349
297
9200
359
9659
7387
8137
2910
7254
7642
8839
4660
7309
4650
5331
635
2398
5679
2787
4866
1806
4660
8711
1011
1452
6007
5870
5420
831
7748
4249
9399
5662
7293
1415
7433
4350
387
8944
7907
2278
7427
8621
4472
1470
3696
7076
4412
1030
3624
3170
8405
8147
4134
2481
8386
8324
7700
1497
2276
2899
7499
1651
1388
2982
1481
6216
2099
821
637
5784
7952
3895
7153
8566
3162
2085
8549
960
2954
1088
6308
4013
3739
2286
4085
3327
3873
8687
2736
7593
9587
4254
9979
3018
6983
515
9377
8966
1113
7013
1438
3061
8391
6028
6985
7813
12
9173
7437
7147
2039
6495
5750
7575
3543
3
2533
4741
7141
8256
6544
9040
5566
484
1497
4513
2924
9606
7481
2709
8080
8464
6505
3484
2110
5195
4013
5998
932
130
6989
3512
6616
7753
2258
2228
1822
2694
2601
5687
4115
5197
3158
563
7385
1177
2601
8989
5439
4358
8470
5049
4779
4332
2003
8641
8679
4646
4019
8836
4278
6545
4633
8539
2945
3184
3084
1368
371
2972
454
1191
3725
40
2488
5654
646
6066
9550
7505
1331
150
6074
7942
9919
4509
368
6695
2343
8354
5293
2333
5845
3109
6293
570
4966
5481
6088
8855
4394
5112
272
28
4280
3654
681
7870
9067
4866
3757
8930
5965
5417
3739
8960
6191
9669
1139
4690
4994
1939
945
5548
389
322
1204
6982
1179
3351
4442
1429
7208
4750
5642
4264
8568
4827
3533
7005
4988
1006
1961
5107
2674
9572
8188
1131
31
3370
882
7160
6092
7901
6098
1173
2187
1053
1211
2437
2100
4816
5399
9670
6112
3298
1513
3327
8577
8602
168
8456
3740
6472
5448
457
1892
1595
4321
3179
3332
2479
9166
154
409
1571
9925
6428
6714
4537
7998
3531
5525
8310
8465
9326
8167
7145
4320
9814
8951
7064
7055
6644
735
8662
2700
2424
8888
6529
8414
3876
2578
6008
942
2526
6237
5834
6220
2581
9606
5178
7504
6027
5889
974
9278
3201
5248
2518
1045
5344
7357
7097
4180
7971
4170
1051
4617
7426
7570
9948
888
9498
9803
6874
8612
6280
8843
1030
3277
6804
7556
1492
6054
9450
1566
3804
3825
6931
6431
2301
7130
9922
9001
2481
2381
2315
4096
3164
6948
7662
2070
4782
2913
801
9093
4760
4965
3227
6969
3755
7834
5229
9320
2556
2595
4251
8958
1155
7550
9912
4121
6755
4403
5936
4398
7556
1069
6878
7110
6252
3393
574
3464
6252
7055
6877
5028
1910
4180
8012
9161
7197
8329
1988
4884
5540
9132
8227
887
9129
2922
2004
3857
7131
2325
2013
1423
8741
3463
1282
4703
1791
2276
8359
9676
3626
6341
162
3019
3673
726
4735
3281
4831
3981
8637
4879
7107
5381
5381
7179
3584
4583
6075
5164
4009
180
574
3201
6810
7634
9481
3583
9337
8480
9196
7814
5483
2775
8452
6062
4675
111
6294
5587
7542
2363
380
4490
5882
9858
5926
9551
2573
267
226
6077
7713
6244
9830
3913
7013
7871
3049
5067
3679
714
1217
6985
5589
1577
8072
8914
7050
8466
8152
5956
3158
1733
6325
7499
2447
6950
3322
2471
5699
7528
4779
5064
6152
2360
2185
4217
4426
1747
1157
4678
9459
8629
9148
7195
3082
8511
4864
442
3346
9268
2231
4440
9410
7520
4780
2245
9461
422
2324
4535
1416
8004
2603
274
2849
1973
4381
8118
2687
339
7456
4468
5916
6214
974
478
9630
238
5521
699
7021
4553
6999
3827
4848
2497
693
6765
5648
325
8792
9475
2318
2898
7030
9822
1584
1678
5795
2148
646
5890
4608
10
2859
8561
1757
1767
5495
5865
5791
4408
1153
3140
8509
4617
2098
5691
20
6678
7349
5144
8491
7679
5546
8823
8385
2113
282
8937
386
4231
1476
6292
4632
9292
5830
442
9357
7531
1608
5171
1727
9045
258
9706
8685
1406
5565
7826
4350
1429
967
7603
5073
174
6592
3925
2830
2606
6913
5191
8539
9458
7933
1597
2571
4397
7904
5556
2
8604
7860
7218
5107
1223
7618
3695
794
9798
6069
6186
9749
7869
3114
3818
9757
3942
5636
5186
6994
8041
7484
7855
805
9067
69
865
4911
9681
7965
2051
9422
7151
7408
2793
3793
3201
5607
6246
1352
3908
3437
8023
4110
3826
7186
7872
1011
5097
4457
3424
9506
3335
9548
403
4241
1861
9919
8468
9543
5436
6578
4253
2888
5112
6240
8189
7883
279
1636
8852
972
8862
2395
1502
3182
89
1972
4329
2408
9885
5876
1237
64
4988
6999
4040
2406
1539
6880
4251
9671
755
3730
8772
5394
9611
7943
2816
9174
7502
9805
5437
5290
6710
3825
7889
5095
2373
8707
5227
7648
8004
1065
8516
4610
2826
2144
3009
790
9178
5596
7736
6307
1066
529
5069
7104
7835
9962
5448
9127
9946
7239
9812
6725
866
148
5878
9118
8875
2739
4184
3886
4691
6684
7505
2490
3543
5403
6883
357
6207
5351
8897
7663
8388
4659
3099
3415
5358
3294
3351
2705
2318
5173
206
8898
8548
9591
9856
8312
3342
121
2165
9399
5134
5296
721
9726
4327
6076
1906
2888
6180
3733
1209
1599
3557
8845
4467
1338
5814
148
51
4503
9438
1211
2814
244
3633
1184
9363
8167
1842
5160
4005
2254
1289
9259
3814
753
4893
4120
5793
1843
574
6521
3028
6727
7649
4834
6201
382
8361
3987
7871
751
7790
7149
8778
5568
93
4865
3443
5633
1532
9124
2125
9800
9144
8831
4262
7894
7597
5010
8758
9369
9857
776
3959
9403
4301
9574
8848
695
2153
4814
5328
6299
2547
1616
2884
9625
6908
431
8069
1288
3935
4625
5473
920
9327
9168
9332
387
8652
5615
5282
1662
9521
6038
6020
9247
7709
2318
5437
5704
6716
9672
3080
8305
6609
9223
5696
9588
3442
1726
4683
7442
9280
9268
9300
4515
7346
6132
7172
5595
3085
1137
9420
5063
3026
3319
6033
679
9636
268
8404
1078
148
2870
3789
5028
2283
9942
8355
2116
9123
2370
59
7489
5474
1328
1115
8988
4340
29
7306
9777
5141
9678
7190
7672
8072
9374
4688
4743
5750
6103
9144
1012
3350
7756
7697
7671
3221
9586
4449
3086
4403
5790
104
2139
2602
1049
7466
7960
7467
7233
6826
1995
1606
7737
9796
3588
7894
657
4135
6003
3800
9440
6478
1654
4790
5517
9546
5456
884
509
9966
3686
9669
6791
6614
4195
4763
2212
2308
6043
4441
2562
5176
7564
9639
2391
9356
9024
4946
1602
4953
8911
2749
9373
8682
5506
5752
1071
267
7378
4779
4238
317
111
5567
7425
809
1964
5673
7427
9854
1784
2308
7652
8281
6408
2106
4538
6384
1039
8782
4486
699
3711
6585
3521
8895
6601
8016
7604
6232
1793
4526
1734
2739
7741
6547
1696
7109
9468
3368
1949
3596
2435
4014
5501
7488
9202
131
2345
2500
6262
6208
4432
1839
8167
4625
8272
5986
3026
9313
2929
4358
9985
1234
9115
3059
4453
1366
5511
9103
7030
1502
7555
8865
6017
2732
4767
2577
2064
2214
341
4894
6008
8458
9638
3739
4364
5416
5550
5143
5742
2033
2601
4759
134
8810
4656
3250
6523
461
2636
9401
4206
9612
363
5218
486
8578
127
2288
9845
1496
8723
5184
2202
3345
3226
9313
7680
5379
4288
8385
980
8882
3906
5489
3636
6347
6777
3348
9202
2970
4129
745
263
4584
3304
7762
3029
500
9681
4193
1749
4189
1960
8030
2399
7145
2897
5863
712
6581
1257
8581
4470
8154
5790
4006
6286
2456
490
2397
702
4290
4730
178
6183
2965
8878
6551
4706
1254
3001
6808
1780
3319
2999
6158
1148
8742
6798
6576
441
2771
