10000
6732
7809
6896
579
5214
3805
8924
3903
1861
6580
7298
5248
7113
4875
2473
7678
5173
3385
458
5377
1875
3647
7701
5037
2224
2946
9360
5884
1742
8166
4304
2295
3800
5593
9408
2945
7280
6410
6846
8335
6885
2292
2037
4696
6592
4779
1461
8661
3277
5617
3503
4148
5190
357
8812
559
3211
3609
6142
2420
2254
1774
9854
8721
1819
6110
5171
3935
7077
8822
8884
7095
140
3518
997
8293
7530
2438
4366
6376
8476
895
7002
162
1310
5572
9978
1491
8095
9123
777
1420
2964
8443
9019
6770
8
7475
5630
8338
3905
9717
1283
1851
6446
1461
2246
7564
3148
8722
2296
7915
3128
9544
462
6191
6687
9072
2754
9387
1937
7429
8055
8904
9219
9187
2155
3789
9492
4253
4629
238
1368
3099
9213
3406
9184
8111
8075
5122
2682
4818
4759
4035
6772
9584
8576
895
7340
7229
712
3629
3907
258
4972
9932
1105
2664
8818
7463
7986
1248
3355
9318
9997
572
5687
8804
8981
4318
7288
9705
4312
171
6671
1955
6804
8987
8931
5286
9882
8879
6208
3101
9691
8511
7099
683
6960
3664
548
6163
1910
687
9796
176
6853
3757
9062
7698
1633
9622
4754
2710
5929
7839
9540
800
6541
604
2315
6072
4205
3579
2190
4398
3213
8272
5833
1179
7796
46
6725
7829
1396
4751
9941
3327
8516
9056
2716
491
9912
1868
7341
9789
1106
6660
1098
9997
8162
5927
4862
5000
9529
6260
8038
6372
3035
5897
233
334
3107
3622
7209
3282
1904
675
9026
4758
5645
9739
9807
3044
6495
1268
636
2050
1271
6364
3701
5855
1159
1522
8318
6028
6578
4269
9500
388
5387
8333
3264
4233
143
5036
4532
9693
2383
2145
1822
2459
9046
2257
9249
4096
649
738
9347
1512
2012
3021
3066
5561
8369
8063
1215
1190
7579
7293
9012
6785
9153
7921
6273
513
125
1637
170
7803
6388
6779
8253
9856
7425
7174
3128
4659
1578
5017
6727
629
3828
1210
8347
6655
6691
9091
2758
4299
3465
1285
5522
9888
7487
4184
4353
6776
6161
4756
6591
2815
1508
853
6420
9754
4771
6911
3575
8370
8231
7134
6732
6060
1605
983
1741
9334
6209
9793
5718
3343
9712
8122
2122
5572
7755
231
2516
8771
1615
1868
808
1742
2689
2948
951
9773
6592
4702
1889
6512
6707
3652
6149
288
9345
7913
6724
8001
4943
7390
6644
1655
4787
209
9408
4545
3496
6962
7341
6246
8427
8163
8167
906
5761
7404
6745
4637
491
2009
9020
6705
5890
2544
9335
1831
9165
3458
4868
9172
2946
8590
1428
3189
4664
1612
3944
204
1194
9181
4976
9509
4120
1100
6705
9770
8376
9537
3711
9966
7370
9842
3691
2618
4328
6454
341
9763
1900
4648
354
7684
3788
7012
3592
9277
5217
6049
695
5592
2598
459
6370
9075
4987
8972
6459
8559
3032
7014
8652
5620
5071
6911
7425
2879
4522
2106
7652
5081
3732
7854
4000
8437
6340
1333
1719
5973
819
451
1375
4250
9135
721
6023
2374
792
3397
2727
6943
3879
7456
9909
2435
8191
611
5332
1827
91
8623
8887
8013
4423
7288
5940
90
6635
2325
1219
3680
2578
9030
6901
3685
1065
3650
3634
9073
9298
3932
9018
9902
1944
5026
2797
2975
9389
9426
2839
5002
8720
4009
4595
1475
9002
9354
6864
5111
39
8039
1729
2786
6417
3870
2925
1789
5896
7507
1847
6983
4079
7558
3001
8415
8736
7713
633
6619
4159
2769
78
3640
8795
5950
5659
9407
9041
1848
6969
6368
2683
6944
3444
1710
4454
3184
2172
9655
1537
7784
4187
6718
4849
278
246
7350
1793
5489
77
5965
2503
2098
9516
3090
9122
640
2500
5845
3855
7943
8068
3722
2123
3667
7056
2714
5267
6223
7284
7206
599
4084
3682
3144
3917
9952
3815
6280
8737
1861
8412
6615
5018
1499
9351
1180
1384
6068
6002
761
6714
553
9747
809
2812
6470
5595
8232
4765
318
3051
9823
8494
2492
735
2074
3270
8536
2446
3032
9619
8067
9866
1934
6828
4815
6498
2137
274
6973
8471
5566
964
7972
2348
7231
9025
843
8790
5101
6887
4579
83
8725
2683
5812
2631
6456
3186
1907
129
1930
7644
2540
7260
7543
9440
482
4529
8829
6370
7776
9162
1050
3058
571
338
947
718
3078
1240
3773
3959
4897
705
9516
8417
1999
5805
2262
1603
1795
8738
2067
5615
9383
3765
8068
5180
2920
5672
5964
8446
9073
4157
255
2663
1602
6152
6182
9543
9020
6738
2716
8639
1836
1578
969
228
4114
4470
6712
5838
2606
295
6614
5216
4806
2698
9994
1170
3509
1403
668
4057
339
7301
2979
1561
4605
9844
4942
3329
81
4523
6862
2004
5369
8656
4671
2616
5761
2821
5250
1415
7638
2291
5816
2963
6222
2831
4061
6023
5294
1694
6718
4024
9723
7381
7912
5978
7488
9192
7007
5183
1737
7220
2183
1338
3434
4297
5731
1890
1696
6303
3560
2418
8305
1689
1020
4397
6610
7271
8225
2430
9973
5557
5352
7086
9229
5281
5459
415
6048
6698
4332
2005
1047
8820
5259
6757
7221
344
4472
3685
3794
7399
7389
7890
8291
1999
2391
3185
3287
439
297
8685
9696
2004
7837
7503
1452
6574
3736
1260
6864
7725
5705
3160
304
7181
3438
376
4989
656
2
1509
555
4130
1191
9068
2462
6312
7660
1171
7489
3330
8315
6
4658
544
962
9183
893
1376
2411
1076
1395
3765
9578
6539
5239
5491
8227
4184
1542
5031
9366
151
5488
8484
4440
7940
8023
4360
9967
8743
9171
1341
3289
8542
911
3035
9834
3699
4932
2346
2560
3501
8639
7925
3380
6802
2882
1099
1984
5993
1780
8912
4919
5517
2677
9440
6774
1230
6771
7299
5925
8978
7218
3083
8057
2361
6811
6842
761
1182
3028
4417
6123
5161
5336
1635
2891
8177
5858
8825
8775
447
3547
6382
9994
2045
2174
7690
9987
3006
533
9212
4529
2919
6754
6353
6493
5003
9675
8401
6980
516
6530
2792
7728
6445
4608
9234
9042
381
6350
3280
3006
2573
6320
4359
1026
6667
1630
2247
3316
1767
6768
937
9000
2282
4438
3202
6123
3895
4593
916
9870
7946
4818
1732
7058
3885
5932
6486
1949
5449
8248
4852
4103
4761
2022
7358
676
1033
8698
1451
173
1694
2762
6141
5005
7888
4643
5939
7573
2162
2643
4232
6668
6739
4887
6072
8999
3964
4481
5907
7905
6745
4501
9290
2615
7909
608
8871
4579
9613
8726
457
6274
1895
7399
5004
8036
924
4429
2103
9184
8352
2196
7887
8257
8915
8086
1769
3505
4079
6130
1677
6305
9009
776
8118
7778
7893
1556
7909
7459
3211
4165
8534
2055
4406
4105
2042
9186
1826
343
371
2928
1317
440
8238
7922
5326
3938
1067
4070
458
6563
7592
481
8566
3494
9131
6492
6207
9173
2158
6393
6469
1036
3781
4592
8430
5030
715
2650
9159
9558
7322
1961
9492
5299
7818
1122
505
9361
208
9560
5809
632
6488
230
5643
3107
5838
2009
6853
5576
8997
9784
113
5343
3066
3809
7796
6512
5699
7985
7053
3517
1489
8543
9795
8505
1461
3525
8567
4020
6367
6540
4056
2853
9057
7299
2261
6467
2386
8493
9181
3967
9486
9028
3266
3841
7627
9133
9244
9309
182
4218
1834
2530
7324
5349
7268
9071
9269
6416
8476
6498
762
8486
9266
1119
8599
7293
4934
5257
3916
6235
617
9456
1165
3058
5228
1927
3881
5850
6634
3760
9880
9529
722
6391
3742
2689
5292
616
3628
5766
4012
9421
3701
1962
724
2360
9886
6167
2948
3513
9567
5577
9933
2061
7462
2053
3684
1412
3435
6490
9634
653
2077
5491
7959
8656
7995
8165
1134
4503
2944
4219
4860
8922
6757
6044
7858
9542
9242
8678
1443
9449
6448
1225
4879
7260
381
8498
9533
8125
5714
4626
8327
3384
5977
9707
8431
1538
6008
2247
2880
610
8611
9444
2399
5901
5918
4928
3760
1676
9679
4125
9253
827
8962
9185
9521
7776
6278
7404
8283
3990
8853
55
8654
5814
4433
7478
3293
5393
1689
8985
2644
2828
4235
9861
2153
2425
9171
4857
3282
5038
8322
2288
3200
6532
7210
7603
4072
1149
8437
4824
5235
3395
7670
8267
4715
6826
8743
919
6742
6001
2577
7232
4815
8682
7018
8624
9055
5475
4121
5997
6075
4704
2277
4772
5495
9799
3579
1988
1720
312
8270
5529
2759
7687
841
7539
18
7063
5776
4530
3852
4677
5541
6065
581
5438
9638
3228
2068
4878
8275
4975
1376
934
6925
6540
8414
4121
9226
1768
1589
883
3317
8979
429
9495
1651
435
5718
9539
48
3500
4965
5362
5032
7998
8425
7630
2530
3226
8108
3055
7478
6018
6101
469
4542
7452
7498
7038
1579
147
8706
532
1983
2571
9001
5990
5911
9279
2140
8769
1644
3992
3972
5227
3279
6412
4433
4716
2065
5472
1547
970
5253
5467
4429
3487
621
345
9438
2137
6193
8137
5508
5998
2366
9652
7373
1161
7242
506
6600
6614
38
763
5854
4277
2221
2526
5039
974
1849
2066
4902
4818
293
414
958
1018
4300
9111
1070
5295
1392
8238
1295
8533
7015
2931
4223
548
8576
1226
5326
7460
5651
1224
8934
228
4423
5770
5000
3895
7197
5682
2400
8925
9321
9648
5210
9769
1905
8729
1294
2772
2925
1350
1463
653
6238
4411
6258
6874
3724
8306
9794
1056
1768
4131
5568
5084
3152
8163
6047
92
3681
4103
142
4908
4582
7091
7830
4704
3646
9891
8691
2603
6684
628
8208
1306
1800
5440
1147
9089
7059
2373
3639
1983
7831
2017
3904
3344
6973
3980
9690
4303
4264
1170
6434
2470
4815
8364
3798
4580
8968
5577
176
4201
7792
1278
189
6817
3895
5863
8012
6762
424
3400
9394
4884
8646
3654
7131
2853
5137
6139
2715
7798
7800
6009
7778
1037
6265
2542
1661
9559
468
5872
5353
4082
6941
4582
9075
4020
6624
3283
8955
3436
2751
384
2151
4579
4823
2148
4740
4574
9377
5026
1303
691
5172
3264
3265
7494
1895
1631
8977
3807
8212
6492
147
2377
6745
2466
7750
9993
264
7913
6252
5193
7854
7071
5754
1936
3728
2129
3983
3120
5681
3367
2306
8252
448
649
7332
5716
1326
1586
4708
6510
5470
6496
8833
9251
5205
9812
4586
1267
1345
8348
705
6549
1270
2730
5103
7328
1795
1617
3345
7151
8692
572
559
8420
8864
8475
3629
7724
6402
4698
5003
4106
245
7008
4407
5619
5688
5553
4786
9638
7521
1984
5552
4150
7997
1669
1801
3493
8038
279
9852
7822
1630
4198
532
4127
6040
9175
3602
2866
3830
8941
2409
2822
4572
1824
1001
9311
1299
3405
8612
3814
5770
3786
7052
5070
4679
4148
9565
2341
9052
9671
8407
6162
8836
9945
4947
609
8620
6115
5366
6857
3326
9613
3876
5255
3273
9029
9228
9176
109
4892
450
4952
7282
9565
4282
5762
9160
2523
1215
7506
3448
806
2243
8495
5594
4985
4097
4687
1680
6867
8110
742
1199
8895
9358
7135
3166
8147
2627
3573
9623
258
176
8030
955
3022
5484
4533
5314
5006
834
9090
9424
9927
6230
9032
2467
90
5777
1740
3784
8586
5853
4173
9309
6760
8524
7187
4577
3709
3394
696
2792
2611
3476
9822
8299
6608
1992
9388
9836
3712
7516
505
119
1742
1426
7683
5971
3071
5913
2075
5288
7868
1447
4961
6763
602
6050
1896
4933
8951
6510
326
4210
770
1872
8107
7764
9544
1282
1035
648
9639
5215
1017
224
7216
590
4209
112
8318
5211
6626
6052
9870
5216
4839
1582
8250
6900
9585
5726
6869
8554
6611
7977
885
3354
2201
4124
6136
6780
2325
9034
853
5008
6887
2145
577
6699
3017
8843
9530
6636
8516
3696
3795
2077
6899
505
2268
8437
3058
623
9517
7754
7794
3746
9455
2835
12
7286
5847
8572
975
3527
5728
7235
88
5293
4531
7151
1581
3866
1254
7840
6662
3969
1295
4241
9240
7825
4931
2394
7087
4110
1008
5890
376
6433
531
3218
9112
741
7174
8149
4124
8323
7754
4155
6303
8584
237
6253
3153
6177
7271
9947
5242
8953
7591
512
7595
2489
37
4743
4332
8702
4308
1431
5064
9401
9862
746
946
1215
7883
7707
6306
6161
6216
6958
7935
5126
8992
681
3931
4707
7650
5888
8854
7389
4558
3055
6863
4102
7957
7056
8942
9859
3484
7356
8791
494
5916
142
7852
6999
938
8899
9123
7621
206
702
8286
1867
3282
7016
1917
3189
8313
5908
7052
5537
1129
7105
1626
5435
2246
3192
2232
5009
9741
4677
4873
9781
9610
3923
652
8561
3942
2608
5283
7588
8624
1728
1424
1563
8727
2109
2827
3419
2801
7211
242
3802
5659
9914
3806
189
3022
2884
3213
7436
7514
6055
2065
6370
4562
6205
3637
6769
2531
3462
6231
8130
4338
8407
4295
8761
9713
8236
4170
7431
8302
7129
8475
1194
3721
7230
2831
3615
5535
9705
387
6168
9751
5237
821
2472
2537
559
1755
682
7270
8202
8595
4898
1624
8953
1833
5275
1606
3913
9070
5264
4004
1377
2411
4614
7045
9010
2130
6630
7406
4168
6493
1673
8665
4707
198
5596
2930
9663
4514
1202
2610
7022
6939
9945
7765
4456
520
8852
7450
2201
9083
1624
2775
3945
9207
9619
6950
6313
5419
3606
1872
2040
7360
1075
6740
917
2923
9873
6499
2639
8303
7932
428
2296
6402
1706
7935
4265
4138
1337
3952
5487
6884
4499
3274
4899
433
9651
3374
135
2846
5538
4279
603
9934
5658
5786
560
9334
924
3263
1492
8132
12
9958
3916
5981
1402
5177
1312
5266
3676
3852
5999
8766
918
5395
6052
7631
9468
6769
6832
2462
5006
1896
135
893
6946
2609
7127
3948
1616
57
1586
7927
2870
9735
3900
8176
2956
5430
6944
4372
1234
1091
9278
1597
7221
4501
1023
7316
7968
7235
1961
8848
7583
6022
509
9839
6831
1085
6622
8208
6898
9431
2028
5643
14
1329
3982
222
2981
4955
303
3716
5135
729
1359
6884
7555
2387
2218
5252
7925
2041
1525
8823
5721
3767
3956
4842
1813
1537
8153
5847
3173
6555
2120
452
9672
7800
4214
1564
7928
2797
7199
7079
7559
6944
7158
1064
4997
9874
4903
3955
7821
7687
6232
4313
1919
366
5775
4577
6697
9361
6509
5381
8510
7355
2040
8534
120
5840
8198
3037
3066
2942
1653
8895
2942
6734
2695
1948
3598
4359
6443
3925
8830
8463
2215
6887
7206
9278
2017
5256
2397
8242
9357
621
6448
57
7025
9990
7283
9790
5828
9462
510
7875
7060
1794
6905
5463
1095
2470
1298
2516
6154
8110
9307
7799
7461
2168
9585
125
543
2532
502
4375
9389
2916
4416
9978
3894
4358
1707
7590
6979
427
5433
7232
3538
3667
3786
8797
665
3159
9174
7150
7735
227
8071
2451
8486
2254
6164
8989
9165
1831
1944
6229
146
2222
2914
8418
125
5372
8885
490
135
4351
383
2441
3137
9494
3670
7575
401
5574
8846
1897
5847
7943
8856
6774
703
4366
9717
5620
4335
9895
8776
8958
3007
3678
5657
8565
8104
7147
2597
7281
6565
6280
1427
3761
6646
1759
722
8102
9332
933
5277
5481
9855
9102
6241
7012
6450
3051
7973
2052
8808
4871
5464
8825
5288
6537
8729
9159
7340
8662
3231
5100
7408
6247
2409
8718
7445
7379
7488
9856
8821
4985
9624
1121
5360
3756
3701
1202
2133
5770
1131
8130
5261
7611
9773
5096
1266
9539
3399
7739
9965
500
8440
5713
4684
8547
5622
2931
1410
6996
5925
9689
1416
2805
9235
1031
5617
3701
5850
1923
4780
2991
1961
8578
5234
7751
3036
1007
4303
6879
7943
1783
9726
1878
4994
3651
8733
7102
2350
2339
224
2552
2502
2356
1713
6990
400
5934
725
9709
5491
8060
4185
5310
5891
3192
5915
1119
9191
1266
4613
6850
9484
3069
7925
4289
7570
1831
8760
1741
2532
9715
5332
7090
965
2149
2821
2136
8390
7913
3055
8025
5812
7776
4354
3322
302
4936
6716
9223
4980
5910
6360
3088
1195
8995
4
1914
6973
801
7920
9635
7133
7032
5298
3094
8376
6385
2263
4599
5511
2877
2356
6443
8337
9555
9706
8039
4477
4934
2872
7236
9845
703
5802
2828
5047
5227
2864
2276
565
5331
5161
7637
4092
2116
3806
6456
9617
7163
9707
1246
9287
7167
7896
7769
3182
9866
4230
5003
9717
7941
9652
2297
4288
2128
5137
5195
740
4491
940
1795
511
9363
8904
1671
3334
3052
6475
6397
3286
6871
7781
2546
9611
8369
7582
9206
7903
9832
8920
8120
6586
4843
9940
3018
7799
7853
208
9200
184
341
4766
6171
3280
3701
3824
540
3598
7684
2911
9127
4425
7370
250
8294
5879
4872
9659
2902
6760
1234
4998
3426
7599
90
7148
9307
9968
3802
5548
1649
980
590
184
1072
3178
2875
9477
5977
4681
48
268
3820
2160
6568
445
3215
9582
4088
2196
1358
5869
3403
5412
9055
2712
5224
8543
6224
5630
7516
8007
416
1695
3146
8287
6838
8227
1244
4731
6162
554
964
2998
6094
6878
2323
3539
4129
2292
357
7851
8576
9714
6616
6580
6881
8234
1111
7682
9789
4948
8935
9479
209
5307
5021
5879
1602
1821
6361
9575
5482
598
3668
5875
4499
4198
4689
3534
4415
9102
1523
3860
674
1659
971
7612
3085
425
6140
4553
9655
376
5838
9968
57
1740
8346
1251
183
3086
2536
8956
1414
4544
6435
7781
990
3902
9942
452
5454
3808
8838
2581
4935
1356
11
7871
1334
4408
4075
3752
5617
7597
4821
5284
700
2103
9559
8729
2472
3017
717
478
346
3645
2951
2434
7236
3881
3893
6824
3474
493
5537
80
1026
6969
3337
257
417
9532
8808
2387
8974
7815
6801
6857
8990
239
8295
2987
171
9313
6795
7778
1465
1904
5074
1628
5607
9867
7938
735
7150
506
4154
1642
5258
2534
3163
4599
3425
9096
7831
5885
7044
505
9125
8050
8674
5177
7693
4030
4900
1596
1654
4922
2296
3534
3353
9063
9773
5719
7090
9116
3191
6650
7091
6135
1456
8375
3509
7700
5980
3825
2604
5419
8743
1161
8565
7060
7245
761
1583
6406
8309
7069
2339
7436
8651
5067
8177
8585
4568
5843
744
1107
8209
4658
5938
9306
6777
5585
3194
7148
6132
1594
2235
1345
9673
8426
1734
3617
930
6178
3199
8262
5331
9271
3205
828
3525
3690
1372
2052
7102
5330
9897
5448
3167
6469
1337
281
5082
3686
7966
7188
9533
5368
7575
9203
9359
2704
3675
4159
8582
2856
8898
9107
7667
3760
4544
3724
4059
1055
1151
6093
2802
7896
5464
8752
1286
5256
8765
9814
5109
3307
70
9295
7229
7390
8758
9972
8670
6991
5769
1617
1821
2256
5164
5649
5816
1339
7545
3234
2849
6144
8446
7672
7977
6825
5625
2397
2170
8606
6754
8102
2704
7316
2357
2113
9653
9825
6794
3706
9513
8923
3571
7324
5019
6254
4385
2692
5942
2684
2131
9378
970
5358
4701
8537
3797
3705
625
6662
9518
2636
204
701
542
1686
4303
1502
1372
7060
7545
1063
2964
7064
7613
9427
6947
7605
4741
3872
4337
6183
323
3502
8187
6271
2944
3891
443
300
371
2524
7639
6021
7775
8590
2724
2931
937
2651
1204
7164
6229
111
1299
3818
5084
2474
7801
2186
620
6632
6717
8800
4236
1436
2855
7655
4906
4540
1600
5382
6660
2597
6137
6718
4495
3518
4292
4337
3543
1483
1202
8781
8899
3736
9530
1637
7988
8917
7763
2944
9162
8801
3358
2042
9603
9423
9139
3161
4001
1366
4775
4699
7255
5140
5287
9675
7504
322
6435
7938
5979
9890
1962
7866
8919
3124
2605
4093
9607
9081
1059
3052
2611
5759
6233
8251
283
7755
3107
346
3527
1525
4548
5087
3776
9901
3110
2511
3365
9931
6614
8811
9259
9316
5839
935
3109
1993
8465
1062
5563
1289
622
4289
6794
1094
225
102
1128
1653
2235
9821
5330
4271
827
2534
4148
8933
2313
430
6756
3008
8016
5249
2555
54
150
1801
4785
8649
1353
7956
5876
2217
6359
3812
5541
2314
8234
3263
7119
8896
3102
6919
7204
9302
5440
3444
614
991
694
8285
591
611
1237
1110
702
5243
6514
3748
6463
1496
5449
5419
2565
7406
3203
8856
4742
3694
6584
3083
7331
240
5201
3483
7234
1231
5496
926
1499
4559
3294
9040
1307
8202
1641
5952
5304
8695
4648
9915
1218
620
645
1184
4610
2938
4534
7938
4242
663
9855
4428
8825
6458
103
5006
7697
3742
9797
4150
2998
9049
5192
2090
4637
2215
8000
8274
2462
3903
3244
7234
8304
8215
8641
7925
2096
6339
9971
117
4781
9305
6019
7447
7123
5584
5926
3172
6835
807
4605
9089
8363
9090
8870
7168
3703
5374
8703
8303
451
6742
5298
1279
3771
5102
241
5039
418
4989
3007
7926
9116
2120
4649
9184
264
8552
6207
2112
7501
2189
8803
7859
5359
1581
3981
805
1390
9045
56
2957
252
4896
525
2899
4409
7029
9322
6418
973
2938
2190
8361
3729
9719
9891
2875
5786
3142
9497
9942
6370
1414
2187
1201
2869
9486
4400
6494
438
8094
7697
5871
3452
4626
4930
244
5868
7056
9886
2275
7316
8768
8499
9425
128
8779
5703
8636
4125
4556
774
8603
3672
8020
9385
6861
6722
2042
501
6590
9571
8206
93
552
9351
9662
9348
806
3977
5842
1555
7652
635
5490
3443
4738
1199
5112
5848
9943
3877
6208
9803
2627
6194
8636
8786
7468
73
6163
5885
9674
5593
6521
9616
6590
9314
1098
9608
733
372
7200
7196
5114
1511
5269
9826
7217
913
9218
6026
6097
9943
9701
3083
8913
4451
7873
3448
7955
1246
6159
9343
3301
6107
4851
302
996
6800
5754
2962
2155
8481
6014
5469
9658
3691
4172
9587
946
858
8845
1842
476
8951
5152
2043
8137
9489
1561
7025
8820
8838
8290
6797
5860
4431
2575
8715
6254
4646
6480
725
5207
4772
6960
7275
3078
6987
9163
6075
7528
5533
5916
658
7485
7560
6115
4703
2704
2078
1686
1664
9893
6037
9039
4828
170
5255
8339
428
6896
3431
7298
8006
9939
3185
7354
7928
2452
3004
6886
3390
9688
6352
340
7408
1641
5342
2964
8042
794
3312
4621
2681
4392
5981
4585
415
6188
1561
2497
3380
3981
4391
4115
9769
6323
8220
9855
3370
7254
5522
2802
5695
1237
9813
7369
3470
2642
7837
2887
3969
7898
7593
6337
9936
9027
2564
4119
4267
6398
3095
6477
4967
683
5179
8392
3858
8876
1465
372
2099
9522
1824
6833
2659
9699
5329
9951
8562
7182
1354
5374
8696
4453
7966
4808
5721
744
510
8682
3892
4771
4470
6541
2360
2125
294
8275
8596
3953
6651
2861
5609
1834
1386
1946
2029
2600
9928
1929
2047
6607
7129
3519
1123
14
1955
7380
5017
7629
3598
7640
6606
6655
8346
803
3038
5511
589
9034
5587
599
1800
4046
895
228
5636
6526
3059
4517
6254
5420
7258
5099
877
925
6517
10
6220
2634
1315
2932
4056
2564
1468
4119
2695
3364
170
8029
275
8257
9669
3250
9890
4090
1593
6563
2243
7939
6935
4289
6503
5260
3477
5460
6170
4173
6370
7020
8893
2750
7386
6771
5505
9426
1970
1151
4225
3588
8353
5171
8412
8458
5132
6229
2974
5302
2012
5946
475
6236
5357
1086
7895
2221
1750
3536
5093
6561
9088
6649
8969
4820
7284
6493
4236
5639
8598
3498
4940
1543
7848
3053
6957
5403
9916
5381
7648
9622
5194
8207
2031
797
8954
9696
6786
4243
9295
369
1777
6463
4145
4148
8790
7263
6804
7413
3357
9990
9434
5660
8380
4001
7266
7631
2473
4775
3371
6213
2893
4958
4009
645
2947
779
9122
8460
7020
6433
6934
1101
3218
475
5193
1170
8167
5188
591
1281
4201
6355
9698
1579
5476
1189
1123
1566
5221
6322
4683
4585
8455
4898
732
3072
972
1320
5241
741
568
9900
6750
1606
7565
7655
2990
5975
7951
6263
6071
2404
596
7731
5684
9768
3738
5992
2319
9612
3796
8241
2176
7431
9250
3621
2359
6019
3069
6138
8146
7424
9708
6776
3835
1874
1445
7625
6449
9174
7011
6476
8370
9746
5937
4856
9506
9322
9568
9182
5706
7326
5259
9847
1520
4384
8420
4188
3598
2996
6634
8709
6962
1057
1482
1241
7330
772
4767
692
7993
3059
2424
1943
7586
7503
9476
2456
6368
5074
2156
7226
9416
56
9053
24
8317
9323
5584
267
2757
374
8008
9836
5964
75
5464
5794
5413
1200
6446
5356
5256
8099
1056
1291
6237
6239
6225
1015
9940
1751
624
7074
2686
9710
1006
6665
6907
3753
5514
1110
7201
2397
2122
35
4805
2914
4744
7305
6202
5689
1127
7974
1555
442
9088
9757
4342
6149
6205
7927
3888
3498
3441
2440
6847
8293
9107
4589
31
7409
4709
1856
5348
989
3909
7614
1345
3963
8463
9120
9636
629
7900
9797
4606
1995
1980
6561
2098
5351
4476
7022
4232
1714
3923
5441
239
31
2319
8104
1869
8805
2983
9919
8116
7034
1660
497
7156
4938
2033
1068
4454
9047
2596
8749
8588
7866
5896
2923
3715
5016
5104
2735
1506
1777
6234
5953
7922
2161
1990
5694
3705
2185
6594
3733
6212
5640
1459
4689
9153
9858
9842
6592
759
8371
5712
3299
2450
29
6056
2670
5326
7516
512
79
3728
4427
8298
907
844
2416
7117
6644
7686
2546
8155
551
7560
987
5199
1073
4717
4504
2006
6834
2120
6877
7703
2825
4516
3749
6543
6063
4872
599
7325
1025
134
7941
9799
6852
2641
6110
5975
6957
4025
1635
5382
9176
7061
4215
6020
4262
8603
5007
9953
9828
1518
5929
2474
7254
4149
3081
2451
6210
2404
9165
3277
3977
3833
5762
6149
1376
7526
9121
7961
1933
4406
8385
2151
6334
1069
9136
2996
9778
5920
3628
646
555
8590
2667
7423
2491
7834
3578
6182
5179
6150
243
9540
6011
6157
3175
2135
627
1341
8443
5318
6968
7072
1136
7330
8923
5846
1930
1237
587
7840
5426
8699
5979
2587
8615
9801
5821
6902
4079
7982
7166
4274
1099
5044
3611
3590
7672
5187
289
8300
5122
7907
2307
8252
9011
6043
5316
6386
4073
4875
1956
3374
4950
8066
3639
1112
9553
5965
9937
9806
5705
4269
6766
8876
5962
8132
1710
6391
4584
8187
9821
9942
3000
563
737
8653
5902
5062
6188
6391
3713
1945
2018
7535
7339
8801
3476
4699
4957
5326
7867
374
9119
72
7136
7449
6820
997
279
8853
5596
6629
9213
5183
659
9850
1686
8312
1719
5095
745
7672
4054
9331
7016
7447
1334
9866
2262
6088
5183
6929
61
7090
1571
5748
2312
6571
1885
3357
8283
9492
8871
2483
8307
4475
9173
7053
3927
7329
2719
33
4365
825
2893
542
2250
9177
1290
3362
2209
1825
6203
857
6157
8357
2329
4147
7530
2248
1785
7968
2477
4631
5709
8762
2979
7759
356
8671
7383
1308
8172
1210
7869
7919
6328
4493
6892
4538
28
221
7593
3979
2213
5914
5118
548
6022
8426
9241
8707
1661
8065
9104
1923
4228
926
6595
4637
9059
5173
9770
2812
8802
9556
2925
9276
2812
6181
3427
2254
1760
3663
6497
1467
9441
8489
3828
8514
7053
5708
6778
9376
859
9492
6667
9147
3213
3315
4917
2123
3125
6994
7061
1862
7908
5477
5297
4982
4078
121
9201
728
2201
2364
575
1492
4995
6745
292
4164
9363
8687
4529
2675
5016
7325
3471
4708
8543
7149
6046
9068
8352
2570
9594
7165
9815
2031
1532
5888
4640
4861
6381
1661
7691
440
1685
8714
4336
2351
1761
5870
7948
9558
7650
3633
8441
6370
3554
706
5995
2608
290
7220
6631
914
2015
8150
8158
9607
2676
2174
759
1206
9288
8097
3515
3495
9383
1009
2714
4014
2879
4867
3147
2580
1937
3020
6992
740
2791
5817
3112
1535
8709
3559
5326
1629
6152
7733
8798
2017
9531
3988
808
3143
3800
7655
8397
3372
3403
4717
1718
4778
4162
8025
9397
3695
6289
1370
4099
7193
4323
4524
9208
9632
2410
5610
6312
2176
1367
4941
6347
1249
9413
3414
6981
7204
4256
3028
1844
9789
3331
1891
2489
2072
3327
3137
6749
521
9335
6990
5380
5780
5928
9679
9023
5749
7943
9919
2603
9870
3266
6515
5063
123
5528
6632
996
8178
5940
8604
5909
4316
580
8917
5797
699
473
2226
1319
6712
4999
6028
6409
6138
3196
1416
8994
9732
9662
7036
7210
2075
7164
4715
6329
898
2294
4703
3015
7589
6025
9762
6019
6783
4850
793
4335
2104
8948
190
7688
8446
6821
6536
6372
974
8162
8569
2692
4527
2787
9652
2553
6540
1802
5864
1299
6252
6004
7246
2804
1488
3730
1947
7299
5784
9233
1234
7276
7522
1829
9706
4820
2576
4869
3766
4875
1668
7391
4567
1594
4267
732
8315
1980
868
7694
639
953
7148
2374
4745
3037
5479
1651
523
1720
5260
1572
5732
9742
5645
6783
7705
1918
3394
2218
2987
8288
9185
4710
9477
7720
7436
9467
1941
887
248
6670
7796
6992
9429
2128
1988
4152
4462
7248
7829
5207
6943
7297
3283
6443
7694
8438
7280
9819
8088
1321
5418
8297
745
4203
8280
1601
9654
9813
5078
8190
795
6174
1403
6348
7308
5365
947
6632
6906
4558
894
8403
8053
8378
932
2917
4424
5486
9411
6783
6486
7366
5334
3641
5454
2450
2724
6713
8845
8526
6323
8341
1969
7328
6103
9248
7462
7483
7626
8480
8431
7008
4585
3745
1218
244
633
9058
9472
6108
1749
6172
7599
5860
2053
7699
2054
5488
9276
9237
3669
8250
7134
5456
959
4122
476
5488
9893
5764
5518
4854
6272
8570
827
4308
3162
1170
8120
5780
1113
963
3707
9481
4921
2745
7674
8333
6565
9736
4309
7801
2450
4508
6269
691
8968
7423
192
6146
4942
8468
3970
6269
3873
7905
7848
8145
3984
442
8548
7617
4007
9911
4137
1240
5943
615
8762
42
3806
222
9971
5032
7256
6026
4739
3618
3937
3635
1013
7015
709
6353
5993
2744
6487
8136
2788
7915
5082
7230
1441
5628
5583
4541
1538
1037
7596
1939
2023
7309
4357
1830
2697
6391
2122
6678
852
5905
5165
3595
5375
2085
4734
9389
8969
6525
1365
4083
1506
6135
6715
1891
5123
5416
2533
5239
6859
5661
5917
1089
9335
8508
4319
6213
1596
7977
7246
8885
8484
6293
720
2586
9635
6032
8925
4157
9510
735
6255
8774
7287
7481
4342
5276
5982
5467
1947
1371
8951
4700
6223
9844
2172
2874
7119
4302
5696
6211
5558
8762
9208
8688
5935
2356
8533
4859
5909
6437
9330
4722
730
5654
390
8468
6368
9519
7095
5992
4327
1533
9788
9917
1156
1586
8220
9803
9754
9077
9304
3784
3511
6235
8338
5335
8206
6958
1273
5691
3228
7177
7042
9930
2041
6422
9205
4316
9709
4942
4512
8099
1229
1376
3276
7140
3713
845
6442
4867
4723
287
2713
7485
5061
4202
3208
8510
8415
2475
6578
932
6245
13
1083
3403
6641
2682
357
9414
1362
4926
9263
1711
5728
5159
5595
5574
2730
8841
9739
2614
9230
2127
1703
405
8101
4556
765
810
7720
5039
3957
2520
3363
9460
9376
6281
821
1463
7853
8742
9553
2307
5127
9218
7524
7577
5615
567
8883
7900
3361
4456
8192
3001
9813
5205
4904
4068
9157
2333
3661
4622
1238
686
91
9715
4725
2760
2297
8191
7391
5471
3727
8321
364
3279
3566
9431
1289
5562
8431
2921
5505
2269
3564
9874
4008
3521
5157
5368
6884
3628
3521
9821
8184
776
8930
3310
5054
8508
5634
9896
7008
9654
4927
9307
5219
4138
9665
2519
8848
8452
7604
1603
1776
3433
5719
7532
1092
6428
2991
6842
4990
7292
7832
6527
1104
7418
2698
6600
8559
2249
372
4918
9379
3086
5959
9734
3374
8263
465
252
3494
4408
8373
6319
9121
9952
5732
2445
5884
2938
938
5871
7768
6399
1255
7720
8001
7705
7336
4295
1820
5987
8401
6491
3965
540
1002
2982
4595
1898
8387
8426
4656
8523
2037
8385
4584
7942
2295
1529
4613
9424
1802
9099
2852
1467
8881
8908
2833
2521
7200
9053
7418
1102
1343
3789
9874
6483
5947
8319
5908
2423
9291
6198
3698
1280
7034
9388
9881
6607
9669
8210
2771
850
962
6034
3480
5186
4635
6448
6785
9725
8070
4463
860
7550
2706
480
2341
8984
3728
8468
7623
4626
5227
9091
639
6668
6310
7750
2552
5951
5665
8814
7369
99
4711
8871
7303
9338
9560
3399
4072
9001
9821
8753
5126
4471
6269
5206
4395
4510
1051
4315
6943
1007
9322
5861
7116
5698
5278
1265
1178
8442
5264
6368
9068
3703
5502
111
4789
2181
316
4613
7448
4098
587
9990
8300
1197
8436
6885
1192
1802
9442
1014
5472
770
569
913
9164
2695
1222
8658
7169
5637
8725
1901
9519
5667
5929
9102
535
5321
8636
6655
5542
3084
5043
7427
2338
8597
4108
8400
4127
9343
4855
298
7151
4607
7934
7993
8004
5102
2338
3468
6035
1714
8980
4103
1415
395
4093
5560
6735
4697
8155
1416
4501
5994
5944
6221
1276
7425
40
7691
5861
4610
7951
2554
5486
4522
2604
3907
8072
6060
9046
9525
755
1846
2
6484
1992
5602
9582
2833
6051
104
4909
6452
1323
9553
3568
3701
7999
4998
1853
5483
2286
1511
5774
6732
5683
1335
9544
5267
4812
2389
9654
5359
1797
9238
674
5592
1814
4205
9072
3676
7573
4252
8855
5368
1625
1988
1917
9026
9373
4409
5694
4051
1757
2305
9368
6498
8897
4395
2613
6331
3235
8860
1814
4543
2077
5364
4233
4021
8900
1727
5127
3886
6651
5064
2829
1270
7222
3288
4724
8966
8188
5708
6383
2631
8695
6772
225
7745
4092
4504
4520
3409
961
709
1978
4153
9376
4165
4154
9089
5431
4573
3799
9387
7816
6448
1458
1220
20
1648
4569
2487
7103
6804
7381
3867
3376
1397
5372
6125
8376
9059
2100
5752
2844
2437
7941
9152
8288
4030
8314
6159
8850
6394
20
4823
4401
8663
218
918
6536
3729
9904
8759
2106
5638
5475
5012
1627
3912
5759
6745
4937
4864
8189
4085
6422
8368
5741
7610
1523
9265
5003
7763
6490
4507
1665
1013
2888
931
2809
7806
2389
2862
8029
6666
9873
8164
4589
3941
717
6912
5164
6603
4868
5044
3544
8202
4500
1385
6932
9129
6012
5588
6404
9138
6355
755
7892
8506
2322
4455
308
1586
3888
6476
436
1398
8153
9636
2424
9794
6906
1554
5113
7541
2123
4577
632
445
2073
6261
1983
5874
4847
8873
8374
3199
6960
5127
4255
6346
7508
1335
1471
6789
5821
5247
5993
3469
1941
8856
3512
6672
8373
8305
1256
3452
6020
3453
9362
6482
3210
3735
9587
3289
9568
2390
8647
4638
4151
2059
3047
4233
2545
9303
1165
3708
8223
6746
4607
2948
6328
6678
640
5602
1571
6018
1167
8259
3090
4922
5625
7243
395
9188
2898
9633
6259
3645
1339
7108
1561
6658
6768
3419
1117
2475
770
4089
9355
7297
3324
7999
552
5712
2564
1324
4712
888
3600
7200
3897
5837
3537
8430
4767
2191
8177
4399
8477
7956
6213
7763
3597
6448
5871
2067
7932
1447
7778
6130
6709
7385
5602
1330
6952
7804
4680
5586
4807
6312
112
6053
7325
3035
7791
4558
3419
5117
6580
5543
8577
685
5209
5714
7333
8442
9766
3814
5026
5759
4530
8699
1520
1622
3031
5424
3836
3661
5169
7961
7253
8165
4499
1911
7122
9094
3351
704
6515
8033
1183
3709
2098
6206
9132
6066
710
8084
3738
3496
5700
6775
4262
9446
4961
6859
8461
6751
7721
5782
6675
6820
9781
8276
4589
1898
1325
3204
7019
6086
3482
5488
4453
805
7030
9178
1601
4233
7763
4465
8302
4317
1428
4563
8305
4985
4188
9324
2393
8625
3249
8957
5345
535
29
7784
3617
1666
2177
456
1889
8870
2549
8637
9884
978
8832
8900
4109
4889
4737
118
8
3944
6408
2487
3175
1991
2772
2734
4431
6699
9658
8517
9999
8839
3694
6934
437
8066
1634
9077
7309
5636
3000
3725
8790
1354
9397
9634
8339
5785
9588
9782
907
6639
9667
6871
5165
6036
8286
5301
8115
5936
455
5345
4066
8999
9967
4753
1068
5375
7364
561
7954
1122
8070
5091
6681
8943
1767
3991
8647
4442
4127
5637
7706
4308
6569
9655
4950
3109
5214
7844
9753
2789
7756
5943
3053
4859
5906
1518
3545
7453
4331
4079
2196
2646
7860
4532
5607
4485
3388
7703
6398
1346
8743
9625
9595
9003
6127
715
9574
6029
3127
6208
5221
7103
8893
58
3972
8807
6892
3809
4242
1568
9579
5682
1336
1139
4646
596
3509
2466
8758
3942
8923
6148
8816
3171
9392
2586
6759
1416
3634
1920
1134
9244
6299
2048
9694
5262
4764
2144
4400
2349
3833
2875
7193
7200
5425
4157
4559
582
5768
1704
6843
5239
5874
9540
4525
7658
7966
9587
3270
8640
5949
9859
7591
7581
9438
12
3428
8151
7560
2969
788
2566
4611
2195
9159
7212
2659
4569
1796
8014
9282
3068
8958
6848
7496
1543
9779
400
9962
8188
2401
9240
1788
2409
9733
4310
4068
6521
9249
5193
4653
5046
329
4978
3924
925
59
9834
9011
5802
8121
4578
2408
3170
7764
4996
3809
1120
7238
7849
3046
5335
6763
9428
4354
7334
1277
924
623
1177
4555
3032
6414
3372
6454
6658
6256
9242
5768
8413
5076
8180
4081
2931
9182
9774
2959
5639
7599
7619
7737
4186
4695
3496
1000
121
3460
4014
6291
2467
6357
7329
8597
9256
4751
8958
3469
4300
4955
7681
2466
8795
4923
3708
9169
6823
5751
5891
916
4461
1977
9764
8769
6310
8849
6277
7276
5337
9941
2870
9274
8062
6152
9829
1763
2621
7573
6544
4355
8356
5433
1300
7773
4791
2283
2756
5452
7490
3929
998
5608
7370
1728
3080
9937
4226
1991
3648
4748
202
3609
1249
6919
1345
3133
568
2601
3739
7844
7062
5883
1469
2478
6153
5838
4981
4025
2851
6504
55
1415
6475
638
1426
5594
9202
5711
2290
8159
7118
4842
2942
5061
6915
2429
993
6040
9280
8620
8054
4590
325
5210
5292
1870
2002
3607
3609
4744
3130
6278
2571
8196
3574
6218
5193
459
1862
6093
4089
9724
9923
4044
2843
7500
6112
6113
3857
2621
479
8478
2802
1209
7872
6500
6180
9628
6515
2942
2807
1340
6190
6813
593
2454
9259
2784
9652
229
4889
815
1835
6161
675
6133
4899
2290
173
3943
8071
5456
4602
1605
5315
3017
9691
8204
5498
6510
3826
9318
6083
9530
6548
6815
9806
7103
8221
8612
7589
7455
3918
6170
5741
9668
7697
168
6780
1004
5885
4275
7124
8261
7173
7316
29
5745
3802
247
817
5670
913
3667
7857
4117
6608
2721
2293
4084
8177
8539
9905
5978
8489
8882
3315
3095
9394
7932
4376
5662
1444
8760
7438
4496
3107
2431
9412
5045
5250
3753
7006
6393
2005
3513
4133
4721
8180
9702
4635
6457
2283
9511
6748
8220
3262
3563
528
7567
8954
7922
2365
9114
71
2491
5961
2116
8922
970
7245
8826
5126
8917
6453
8283
2690
892
979
3507
3398
7972
3172
2962
9423
7246
6506
1609
7730
4504
9257
9712
6973
4351
525
1863
1785
3743
8680
5095
1148
9642
8650
5059
3594
8945
7416
1521
6508
5921
7103
8367
9417
7964
2035
2019
8784
5939
9632
1524
4232
110
4705
3038
3823
3640
8846
9830
1902
9177
8096
8251
3470
1
9648
5253
1187
3070
3278
8525
7606
8091
2222
3511
8737
3653
9292
4672
7844
7450
4784
1505
3524
5312
988
4461
3587
6720
7443
8701
1467
1597
1732
9925
2771
2757
7107
4211
3972
1187
6265
6147
7765
2269
5874
114
3443
2033
2212
3325
3693
8007
6287
6325
5003
9331
6704
1329
3150
6139
6079
5440
1570
2095
6777
6074
5793
8745
2808
3697
7121
2018
5725
2105
2189
2429
3104
8945
4114
5205
5103
7534
8719
6143
6610
9747
3536
3307
5007
8062
1092
2621
9576
3665
3257
2050
4002
3964
3754
7457
7905
5092
6815
1951
9119
994
5074
1023
6812
5642
8066
6868
9104
8422
1392
7332
4619
431
1079
1388
5437
8824
6329
8314
1745
7287
2260
459
5108
6480
4883
481
3268
5007
1488
2959
8371
1714
4888
7845
4267
8097
3207
6819
907
971
2338
5276
8864
3470
7476
6281
2143
2514
6432
9366
4398
5971
9317
8413
162
5082
9376
2493
4803
5431
6826
2118
4476
8252
4018
3732
2175
120
5814
806
1541
3167
6475
2586
8643
2899
7932
2727
4792
1090
286
8022
5827
9819
738
6077
8593
9725
8740
2569
1012
1295
5633
6440
5583
1878
9893
7265
4029
3462
1090
9328
2322
5735
1245
3650
3497
9715
4258
8265
6701
9258
5959
2156
9636
2355
8190
6943
3796
1087
6628
6698
5529
5403
4151
8488
4271
2914
2229
895
2362
812
5887
6262
9925
7784
3740
8664
9671
9105
9962
1924
8353
207
79
1630
6004
9885
6974
2694
9536
6099
4869
5203
4600
3360
7730
3659
5601
6757
118
5618
1512
7040
2450
1020
9571
5860
2046
6192
5936
4130
1000
2780
2857
4598
9722
6671
5881
2832
8932
759
9961
380
3816
4072
5075
2337
1173
1893
7064
6771
5931
5886
2605
6006
5134
5942
7327
3392
9109
7839
9095
3080
369
1156
2073
8289
8635
3891
7606
4365
2902
2598
7762
7504
7908
5661
8160
2547
325
105
2009
480
137
2119
1611
6545
8151
6407
6878
5296
8134
3208
8850
7882
7416
7809
9268
2389
4903
7167
5647
3722
5336
5494
5007
2577
4588
4374
33
8905
1860
9996
8615
7104
8341
6289
696
4853
8177
2531
3523
4039
6853
9806
451
7113
5586
1159
1630
9334
7538
6965
9880
475
3868
1436
1302
7125
6547
7943
8348
1751
1608
8337
3287
8519
48
7809
4406
6166
7985
8864
9123
747
3318
7703
4144
1836
9345
2634
4589
7640
992
2779
9685
6179
7416
7740
6376
990
4766
1925
2772
1410
1205
5470
2300
1561
5329
6953
5499
9066
4810
1328
6977
8703
3276
9126
8620
5092
9675
9933
7058
926
2116
3059
4123
3334
9215
2057
4475
3777
2977
9795
4109
6397
317
9797
1515
5386
234
1423
9257
1906
8112
7575
2114
9190
12
1056
9499
4343
5907
1108
5667
7374
8692
5555
5980
1848
5573
1704
1539
8722
3743
4372
298
5341
9222
6026
2456
4077
240
8550
6502
932
7352
2699
6106
7846
8474
6279
1824
8392
5182
5877
9092
5210
402
9742
13
4447
2847
2093
3107
693
9742
9566
8161
6325
6003
2114
8341
8648
6103
4290
3333
5923
6580
8350
2828
7121
6458
5809
1233
7244
6623
1138
8536
9704
6914
5881
7890
1468
3904
299
6912
5678
6656
7781
3909
2649
1273
5361
8377
3469
3139
9752
3209
4948
6218
52
1324
4540
4543
8688
4545
3750
4762
5615
2916
6058
5578
6294
6383
1093
108
8679
9837
7104
202
5067
6698
9534
346
6395
4566
9394
9272
3434
2936
986
1646
9682
6095
2604
7679
6810
2676
1835
8627
8834
8427
166
6220
2331
4969
6941
8072
3621
4031
2833
2191
9109
3524
7367
9292
6771
433
3881
3801
3022
165
489
5459
604
9897
7315
108
9954
5806
2862
2911
9901
3634
5390
2990
3546
6674
1225
2055
1512
4809
6147
4373
488
8231
8601
6547
2702
6989
775
3179
3703
1156
9350
2764
4454
317
6342
1819
3949
6147
339
8320
5348
9884
4375
1281
1625
2927
1628
6669
9157
288
8364
1182
5831
919
5655
3937
511
5886
9664
7378
6857
5465
7029
8384
9635
751
8633
5759
2701
2151
2895
7661
3132
7246
2293
892
3819
9765
6443
3214
5743
3751
7326
9455
4246
520
5302
9628
6459
4409
3944
2449
7288
6423
2680
3440
7816
5029
4607
3742
8759
4910
2757
1223
5561
364
9836
8850
3012
9926
2488
2799
2092
6931
3742
3404
9289
6830
9464
8583
4646
4946
2243
7326
2456
5716
389
9394
5785
6560
5918
4058
6928
6812
9802
3188
7567
7945
6576
1990
825
1719
7770
387
3214
9544
9889
3849
5972
7597
6148
486
3875
2652
5717
7627
7677
2931
9104
7689
713
3846
9433
5080
875
629
1105
9223
4849
5817
1364
8397
8284
3773
9490
5502
41
7977
6153
3529
3435
6009
8539
3294
1527
3948
2353
6541
3196
8264
1676
8729
2669
1323
9027
7740
7388
9917
3358
9684
9124
4561
526
9531
4131
4794
5991
5876
818
234
763
2209
8883
9462
6132
9778
7462
7797
4445
8120
2760
8311
7661
3767
3240
2099
6066
5065
9975
4440
7142
3072
6892
7061
3776
6500
3393
3684
7690
9386
5181
32
1946
7861
2719
1560
1312
5110
9523
8636
4011
351
7717
2436
4408
9766
463
6976
5928
8709
6464
8666
412
7790
4364
3336
4416
795
9946
5597
7361
8115
8974
2559
5164
3993
4947
9043
7845
6495
5172
3972
3153
648
2487
3043
1776
698
1750
5241
2282
9698
5948
2583
1141
4162
4153
5294
8192
3765
9346
2955
3055
7059
9864
330
3588
2112
7235
59
9542
2079
1322
4578
1409
293
3922
8184
1626
4648
6641
1856
7404
9957
7021
180
932
6640
8118
7004
4549
6774
8349
5920
3065
367
48
5302
3654
7632
2723
8309
7048
8268
316
7466
880
5770
8266
4551
9993
4642
8627
1833
9426
754
1721
4707
6029
733
7385
3942
3844
1986
240
1602
9074
2346
5161
6486
9397
8203
3255
2179
4814
5370
9372
511
7410
9869
6596
5509
2145
7054
9377
3721
4560
3676
3459
7145
3893
3772
3107
2223
3295
3836
4957
7188
9455
4936
408
5583
7270
8198
7060
6106
3613
9883
5358
9989
4939
3569
2450
324
9511
5488
3918
259
8138
5832
1599
2266
7039
2289
9819
6940
9851
7482
1386
4505
7107
8190
7361
7300
5150
1972
4796
574
5816
6885
2232
4225
8623
3801
1466
3977
4894
8714
9167
2748
756
4874
2737
9787
3392
1345
3171
5888
843
1582
6330
7703
8386
3694
4328
4042
63
4219
2405
9748
3507
6347
12
8263
4898
1178
8735
56
4155
7746
6936
1640
7570
9190
3214
1358
379
3166
8496
5104
5205
2653
3761
3169
4817
2638
1040
4340
7406
5453
5970
5982
6659
498
3726
3962
8424
72
9109
8566
6993
5883
4061
1786
9175
1440
8200
6985
5413
3278
8229
6143
5180
9978
8051
9867
4819
6002
7853
5655
3343
2703
9735
4674
6027
6877
4020
4510
2196
9350
3345
5189
3380
5322
5121
8374
8345
8203
6741
9294
8352
9589
4743
4354
4131
8571
2068
153
1997
3036
1973
7270
9638
9109
3432
2338
9632
2432
2064
3544
204
6537
7189
1818
857
8497
7688
5762
1994
4044
4184
7234
2115
5190
9338
2413
9312
9042
7369
6414
3442
5522
7242
390
3559
9538
9930
3268
4901
5199
3558
7868
5010
6278
4551
1114
2067
4230
5704
2527
7247
5079
5973
202
7151
3300
3810
3091
6133
9172
5605
7248
8118
4775
6497
906
7382
524
4207
9290
1694
2431
7979
7357
1404
4798
5369
3399
9511
5773
1731
3763
3420
4384
8016
776
7723
1462
7362
7288
5768
3205
2155
7698
1742
6320
8301
4903
1206
6341
1581
4586
992
1714
8547
4000
8748
1512
1217
2998
1352
8248
5454
1602
5654
3258
1117
1538
9208
445
7039
4001
9531
2025
7201
5384
797
7311
1779
4129
7133
3874
3607
7254
1758
2319
7570
1768
7511
5799
6546
1372
5514
829
7532
4735
4335
8795
4689
1435
2748
655
4316
7441
243
1059
9963
9750
2104
7034
6647
9611
3229
7270
4305
3108
4285
3863
4395
4682
6385
7966
4017
9819
9298
8991
3218
4287
3340
3781
6287
6102
5514
1487
7918
5965
7796
9880
8619
2736
9762
1093
1468
4297
6028
439
287
1750
9952
880
4963
8409
750
114
4528
7097
5395
819
9572
6917
4320
9133
8794
9625
887
8993
3865
8281
3330
9660
1510
6090
9408
8674
1575
320
9164
8519
1206
7586
5707
1869
7614
1946
1730
4823
7684
9304
9906
555
6085
8870
3201
7030
4120
5783
4390
7450
672
5928
449
6787
5905
8344
4436
8103
6028
9748
674
2603
9640
9467
9427
9650
6031
5536
1313
3616
3442
2926
2162
4317
4314
4422
8258
5510
8316
4259
9532
1117
6376
6687
8692
688
1567
318
8597
3447
7198
5368
9010
1543
3067
8917
6347
9988
4795
9488
3342
5139
413
6494
199
5069
2807
7160
534
3759
3211
6339
5628
9774
5301
3441
4865
2408
5668
3808
7844
614
1970
5089
4192
3486
1618
4291
9208
5029
3829
4894
7871
402
3593
7163
6150
1389
4559
6608
9235
2646
5687
8394
4842
930
8410
2899
4859
8335
612
3395
9511
6137
3676
7186
4848
1670
3457
8923
5693
2315
5458
8637
9623
1394
6042
507
114
3747
4487
259
4171
415
9142
9324
9195
2971
8940
2600
8869
905
2259
5081
610
4499
6719
112
9574
6417
6764
6144
9710
6842
9542
4081
1577
3926
2693
7105
5712
2802
1059
9316
4131
4429
1514
8492
8674
527
4191
2373
3332
8234
6597
1703
7224
168
992
2206
3238
1268
279
4646
8080
5861
8389
639
1850
3972
4460
8576
4115
9678
774
6072
287
2805
3737
6800
4851
1714
22
5709
3549
2485
8575
577
5741
5213
2499
6913
3955
850
4103
9777
3766
9568
4338
7947
9214
9054
7189
1358
8000
6508
4101
4179
3892
3852
1110
11
1827
5574
6918
4901
9506
815
6676
5212
2342
9989
6603
7900
5011
3825
2702
8005
6405
6287
7122
2696
6506
7721
3730
6398
202
7999
8723
9608
7124
1619
3334
4273
918
1665
7811
560
1320
4108
8711
6554
4454
9284
189
6036
1096
2851
6290
838
5728
838
7544
4538
7264
4073
8025
3764
3365
8683
5190
5324
4579
3985
4635
5782
911
8758
1120
3827
5299
6528
5247
1008
4929
3422
3740
2620
3144
2589
6294
5560
6748
106
2697
3830
8373
6722
5965
8580
2406
2261
6223
8658
5207
6840
7146
5342
3826
6634
146
4161
439
2863
3293
4339
2780
8472
1390
1769
181
7299
142
9199
4315
1790
6681
5616
6876
5511
2851
5650
7024
2847
4917
5919
3939
9742
9912
9773
5299
640
3085
1455
9192
6556
5750
5989
2987
9525
9940
9055
724
121
2718
3647
3908
5895
3675
2747
9147
9965
3981
3521
5271
7376
7274
7814
6603
8741
7368
2807
8711
9340
5748
81
8665
7548
1247
3883
5568
1321
8693
4705
4713
3842
907
1436
1784
8327
4756
7132
5173
3736
8193
5351
8928
7321
1059
1292
6162
8786
2638
944
1234
4930
444
6442
688
4323
538
3162
3729
3704
9059
2243
3352
4163
8455
8074
558
4660
7064
5526
6957
7004
6289
2039
1823
5104
8996
436
3309
3304
2062
3388
1735
6742
7432
7518
4064
8468
3309
5524
2210
7255
2275
1562
7605
928
6504
5037
359
4113
8475
2510
5689
5949
2547
8517
2662
7111
4624
3651
8385
7004
76
7888
602
7517
9022
5618
284
8981
1659
7919
4710
8217
8793
3914
3524
5373
4561
5673
8249
1939
3808
5303
5851
46
8282
7717
8923
5989
9676
4492
2928
8563
3437
8766
607
874
1647
1418
3193
7192
8328
2654
6929
6306
5640
1334
5544
7230
790
5410
9575
1901
3707
4006
2441
6436
6731
396
4434
7659
1531
2436
927
9358
5795
4507
507
9922
3298
5913
348
6034
5384
6164
6920
7351
3701
6914
9319
3254
3563
2172
5686
7283
4242
5439
7141
3187
5400
9116
7070
2207
7602
4590
6050
84
2564
2123
3330
5048
7161
660
1975
6279
1296
1655
1870
571
5795
1524
1443
202
6917
2860
5481
4697
4583
7813
3012
7614
9734
8906
3795
3140
3317
2751
3853
8120
9779
6483
9287
3792
5081
3406
4207
3466
226
3353
5976
7042
6311
3133
5202
174
1862
1924
9669
1828
5406
9132
1658
6331
3434
7482
7574
4974
9048
4107
1988
8189
420
4661
6894
4622
6421
2700
168
1809
6068
5456
4617
5633
4469
9764
502
9333
9716
473
5213
1623
1725
7241
6331
6700
6311
3216
3514
4738
510
7413
9851
5544
9451
2422
8844
6182
8499
5313
9670
6078
5993
799
1509
6346
3728
6106
8884
69
1282
3952
8837
1366
1974
9952
4683
4486
1633
8896
532
6387
811
6337
5285
1613
2541
1259
6900
573
8772
2642
2300
9526
4277
8938
5809
5731
8349
3638
9073
2880
9939
219
8018
4549
461
8708
6637
8573
7356
527
3063
773
6101
7332
6264
2991
3500
1206
2490
342
4143
6274
8176
3436
4572
5588
2064
2528
688
2649
6655
1579
2350
7152
7383
3033
4440
7737
6375
7972
7660
159
3831
6892
6382
8450
7735
1140
5534
6924
9027
8438
4582
6998
6677
6
8931
7955
5783
659
6589
7770
9842
8346
5764
769
2601
1189
1705
7684
9435
625
1206
5525
9369
3149
2635
3502
4389
5422
134
8610
866
1999
5886
8513
6494
6854
8924
7770
4425
5298
1511
8107
5712
5744
5786
867
3323
205
5524
1897
9471
7190
6044
7350
6592
2603
1119
813
7655
9554
7208
2522
2236
8167
5690
8232
832
3921
7037
9277
362
7216
6514
9120
4284
3875
4261
11
5377
8150
9278
5563
4581
4744
308
8052
8481
4714
4671
4610
1441
8692
2728
2826
9844
7377
3199
895
6752
8347
3929
7632
3039
82
8628
1694
378
6501
5848
972
9440
1011
6539
9135
4243
4651
2257
8949
1759
9999
9423
2769
7383
5335
5850
1156
9359
434
4065
8457
2368
9975
6788
1431
2971
2522
6607
4953
605
7723
2023
1993
9643
2200
4511
7432
9467
2098
7991
1675
9086
6717
1346
6384
2622
464
3555
9262
31
7661
6148
6314
901
1195
3554
3766
7651
5838
4600
8036
4491
3848
7286
1448
7031
457
5613
331
1666
2514
7578
6220
3251
5064
4445
3792
9783
3491
9349
6667
3067
70
8667
7687
2579
3753
7415
6465
362
946
6738
4547
726
1474
7513
3019
2007
4203
8906
1707
1228
7887
1551
3178
7761
2452
7956
2792
4905
3796
6662
1534
6501
6129
5882
2580
7982
726
1640
2988
772
1096
3282
5275
259
635
1332
5816
4207
8065
2234
8333
9261
909
408
4507
1197
7110
1546
6490
4855
135
7241
9133
6401
4195
2279
8420
7354
7478
7383
8027
8438
998
3916
752
9111
3224
8108
3122
7028
8559
2448
7844
1752
5248
2603
9313
1610
6545
3988
858
2693
7167
7074
795
4707
5263
5108
8923
5003
3996
2778
3058
1731
3599
4611
5733
724
7549
6371
1484
7689
2762
3649
9365
2435
5531
2011
2738
2797
2441
2662
7821
774
673
9894
2363
4208
8425
9253
1118
2500
5277
4180
9541
5216
5031
2460
9871
7103
7085
6975
4924
9123
6261
800
7796
7121
6291
1052
816
1688
4067
5587
2742
1664
4481
87
8547
155
8533
6752
7761
491
509
7625
7128
3264
867
4891
305
6780
9966
5747
7589
3877
9508
8530
8052
9445
6844
594
2897
1138
5409
6048
2042
5973
675
3195
406
5497
7640
519
5207
5650
6528
4333
4111
4824
3366
5219
5983
7102
4546
6403
4235
787
6155
843
3785
5381
2426
2801
4632
3820
1642
3521
3325
1658
1387
6756
7800
4381
2037
2606
3029
5439
1962
7365
3695
1851
1668
8809
6479
523
174
4724
8338
1650
5199
6959
1592
4563
2208
6174
3113
8828
5791
6121
8338
2003
4940
504
5917
6700
3201
443
6382
6116
5646
8675
5338
6877
6754
160
5363
614
7686
9336
8846
3621
8883
1585
3349
516
7220
3659
9751
8438
1094
1245
3165
8708
7099
5962
7705
3609
5278
3824
7415
7734
7489
9085
5573
1666
4755
7902
9023
450
6045
8357
8211
1489
5227
502
3907
268
1496
4590
7192
1341
7073
8673
1939
5553
3020
1870
1200
5848
946
17
1188
7673
9143
9590
5525
416
8683
5173
9912
6949
7768
6286
7300
2025
9964
9633
1638
4751
7601
8874
319
4037
5079
4568
4264
686
7139
4425
8294
9390
7456
7732
7927
1281
1588
7474
9916
5800
2158
1689
769
1217
5083
279
5239
7394
8504
6727
2451
9537
9154
547
8592
1523
2009
7943
4399
8671
1875
1453
1103
6718
9293
1899
3447
242
1707
3637
9135
5104
6017
127
4223
2155
9338
7748
5055
5102
9205
5580
174
9878
2193
9805
4239
6138
797
2481
3085
216
9681
6944
2479
7197
9131
6506
3190
4144
242
2963
5363
6491
9751
667
7829
3367
6681
7801
8977
3364
2199
3811
8778
9858
3536
8989
1776
9359
6374
8252
309
1660
7681
2213
7770
8478
6352
5414
7960
1791
6027
7793
9178
1582
5828
6209
6376
1433
635
8474
9535
2182
5616
4946
1788
7609
692
693
3511
7156
2856
9593
8956
2145
9175
128
724
5237
2096
3107
1650
9362
8907
4305
1994
1004
8716
6564
3148
3029
7173
2524
9246
1608
1286
6874
823
46
1600
4427
8008
1008
9048
5599
213
4185
439
565
6177
8951
7149
6133
520
1839
4341
1193
1669
3546
4212
9801
9524
3407
7755
8882
818
190
7693
9090
5792
4615
378
7154
8311
5301
4217
2304
9861
4634
4516
4328
2165
407
1101
831
3533
3160
2223
1244
2193
2747
4287
5267
5301
2651
5681
911
4047
6253
9703
1708
4347
2438
8308
4142
1240
9447
7599
177
8207
9990
4771
9246
5300
7850
675
2694
725
6002
4555
1438
1008
8979
9537
8232
7218
6253
5003
5738
7705
3704
2858
4332
8394
2000
7315
7475
6447
3562
5471
6838
6312
4802
1784
7433
162
1507
5556
7422
8038
3938
3822
6212
536
7079
5391
793
6575
632
2748
4020
3780
6212
2537
9288
692
8825
3147
6630
5728
5331
3835
3442
8564
770
3655
4735
1828
5510
6226
1850
6529
6858
9148
2624
9915
5002
8492
9949
3169
7442
4521
9042
7397
500
4168
1986
3211
6630
1984
1177
1023
438
4905
7113
725
2586
595
8627
5244
9848
7539
1039
764
3247
5160
5176
3775
6145
8860
9094
2780
6589
9894
4361
1918
2477
8188
5790
5459
7177
9461
5682
96
1349
269
6097
7858
1774
8338
8297
5855
1596
3227
3472
6171
3957
8520
3470
3927
3631
4804
9385
4755
9807
8471
9003
676
722
1576
2002
4577
7014
6768
7540
9015
9799
7721
2844
5005
9970
4070
7653
4370
4295
6268
658
4625
4720
3502
2104
3495
1912
4550
1961
7611
8346
3727
2046
1052
8215
496
8112
6329
8451
3747
1603
5017
8429
2083
6991
1530
201
2003
4284
71
2012
204
3769
899
7331
4431
8121
5858
2097
2520
2603
6487
6755
9539
7573
4360
9665
2216
7532
9758
9171
2594
1395
760
4381
1566
1933
3503
3961
4303
5808
1923
7216
2526
8457
3557
3220
1630
5157
8734
6477
3134
5491
3340
9838
4487
7124
9853
2483
9077
8412
8964
3386
4099
8872
6265
3803
6239
8331
3373
3572
3404
3943
6331
5782
4678
8469
489
278
8817
1505
2126
5840
7498
6693
8862
4751
479
4415
6416
9714
7146
402
4080
7979
9064
5366
3057
2889
280
3101
1482
7648
8752
9732
9985
4178
3065
8385
1606
4780
362
8511
5062
5983
338
1220
6192
874
3871
2011
9187
4849
7867
9570
3014
6540
3094
3778
1522
798
3503
2758
5674
9007
4108
7307
1259
137
7610
4211
3326
9276
6350
6549
5386
7950
9801
9940
1894
4818
6314
7562
8476
7652
749
2082
505
3919
209
6543
6833
8955
3144
1996
1792
6758
1047
8816
7499
1726
6861
9437
6709
3800
2913
4022
9966
4640
3860
875
3317
9565
1749
3890
7245
4576
9043
6148
7134
4905
8061
9313
3491
9670
6677
8624
6881
3417
308
2471
2759
5573
6871
852
5504
5765
486
9478
2677
1273
1477
347
5792
7790
7588
5798
892
1128
7409
9100
3752
6254
1037
5948
3018
7363
8556
5513
4208
8076
1094
7173
481
2419
7691
635
9715
3991
5459
6633
4565
1278
7538
5816
2700
7560
1227
2618
9244
6129
684
8959
5868
6482
7671
4628
2988
9220
7968
4297
5458
8259
130
3900
5679
6411
3517
7383
4497
6130
1498
9795
9889
7794
4431
8568
1725
4929
4397
9250
8016
8734
