300
763
7785
7934
9616
5074
6556
3274
2903
829
288
6186
2003
9285
5924
1390
3954
6507
3055
4707
7880
1256
1774
2981
3520
2307
2309
3854
1521
7851
1716
3309
9016
4948
5608
8049
9400
2463
3786
9748
5163
4913
1048
3317
1987
6869
8750
909
3601
1390
1793
6084
6753
6181
7768
1116
7136
8993
5911
1274
7372
4948
1513
213
3142
5553
6297
5559
1430
2620
3005
4192
1900
9226
160
8410
4718
2344
7850
5496
6627
1399
5390
5591
4938
8324
3585
8438
248
3430
6562
5666
8940
5105
3994
5114
3025
5543
2160
3794
3999
5918
5193
9794
5870
5597
3643
8926
6777
4383
3133
2657
2443
4298
8669
7154
4888
3146
9917
4553
8938
551
4907
9131
3847
4949
8731
4448
1195
3801
7635
5798
2600
1385
2786
398
1286
8252
5214
6548
6840
5137
6170
7357
5805
620
4736
7337
512
9003
6480
7543
4109
6006
2981
8168
3103
7877
8192
3403
4251
7115
9732
824
9267
4144
2461
3929
9736
3021
9741
7009
6063
241
7237
5872
2366
6304
7564
911
2228
7658
6783
8038
98
8218
2965
7534
6794
405
4398
7264
7986
8802
8263
7259
4277
7289
1741
1733
4454
7684
2812
8969
3762
3186
5346
2783
5393
1818
4437
3769
5289
8253
1277
4697
815
3428
1327
2304
4074
6360
9607
8689
966
2961
5906
3556
7426
7862
1509
3783
9111
6243
4846
1071
5237
2089
1333
9404
9691
6063
3742
6634
3186
1830
7198
3636
5879
3578
2758
1731
8116
5332
3681
2627
3498
3484
9111
2071
5309
924
2347
4259
5884
1392
7672
8055
2059
5402
8530
3468
3855
5938
2508
3287
9733
2970
9750
2106
495
1775
2208
2122
780
7323
1695
3515
2211
8696
7914
9015
8316
9615
8531
3117
1707
7374
109
3158
8410
