700
9453
905
1905
9981
9488
1597
3179
9504
4772
374
853
3380
7739
7384
6419
7675
9426
1216
57
3860
1396
1317
1594
4598
9241
7949
9234
3193
2075
393
6015
8001
5225
9774
4090
2039
996
2672
8516
1750
7462
9004
9627
1055
6867
3795
9468
7482
4248
1039
66
8969
7424
7251
8252
4106
294
7155
3213
2874
9652
8076
7229
6497
7289
754
7693
8173
6090
2837
1480
8510
4191
1007
8708
2203
6846
1741
8984
3088
6645
2247
1384
9205
2320
5085
5931
7212
4763
3839
7118
614
514
3081
2769
3170
2820
8346
111
3171
4405
6000
9147
445
338
6290
2565
5660
8528
4282
6236
1873
7630
3980
4014
74
8857
1223
9035
317
4477
7910
6392
5921
7480
243
879
8985
6587
4586
6627
7181
7691
6870
6065
838
1172
10
8834
4438
6172
2478
6045
2658
4229
8995
7897
7966
8988
7333
7232
9891
7263
6668
1503
9839
4636
5375
7275
7689
3060
1862
461
2783
6430
6346
8398
2366
2792
859
2350
2749
6328
3917
1133
8246
3616
8128
3468
7923
8576
2779
9790
8817
358
2501
7449
9683
1216
351
4777
2118
8018
6305
6467
7100
7987
5439
9318
3016
626
3688
45
6421
5702
4348
6018
4530
1058
151
5708
1022
9943
9069
7609
8348
1204
2308
5031
9587
1497
7625
7725
4197
9241
8560
9222
7258
9166
4955
2189
280
822
3014
7588
1921
1355
5053
8478
4073
816
2235
8221
7891
8823
4752
181
8167
2191
9533
6560
4466
7227
9503
6091
2217
7534
5942
2205
875
4754
9106
2295
3683
1896
6265
4311
6887
5290
4150
3399
8960
3565
4993
7282
3462
6434
5975
2135
4887
8186
1446
8037
3443
4297
9687
6263
5591
8836
6569
8521
4372
8597
8534
8120
6396
93
6964
4345
329
1497
8218
9727
2842
4061
12
7680
8810
4060
9254
8353
6894
9898
9969
3885
7643
1961
2276
7749
530
1007
8522
9073
8202
4425
9164
3060
600
4184
2252
6862
3276
2666
6093
4140
2123
5332
9953
4874
709
8299
849
9496
1155
1794
2355
858
4735
1693
3035
9385
9423
8180
6400
3351
2591
35
329
1152
2058
334
6692
2651
9093
8546
6515
6192
8104
9463
9508
8948
842
3265
7404
7984
7304
8550
6223
3680
1361
8602
6238
5111
5857
7077
1133
7407
6568
3926
3312
526
2902
5458
5009
9796
8950
5861
4417
5585
4740
5848
7033
5828
1916
8067
1435
8029
993
5242
7274
3396
6102
4371
258
4659
5916
3480
1654
9182
5737
8120
2005
6419
929
1592
8279
6508
5908
6086
9177
4434
6420
510
6099
2987
6145
4885
787
8836
1826
5939
8536
265
7490
4510
3196
5569
5253
9969
3614
8295
5094
7899
3852
6371
4398
4164
938
7656
499
3034
1521
22
1355
1114
5015
1487
3323
5019
4694
4551
8656
756
5116
7492
793
3485
9951
245
4191
9090
1578
3071
9650
7732
3849
4035
4162
458
2189
9387
5047
6534
3324
675
1341
7650
856
1684
2223
8248
5706
8331
4063
5649
9547
2201
6207
5109
4063
9748
5775
1457
8398
7562
9283
8711
2480
4357
4128
5503
1749
6506
7603
4027
1470
8332
2543
2329
7819
3373
5233
4753
9154
9509
2545
5390
8857
3723
5815
8106
736
736
8456
6689
1710
5803
7740
1224
6710
79
1757
9094
2821
4296
973
7328
3803
6260
6420
4323
7252
1375
4421
6698
1058
4871
5196
7392
2489
895
1015
4095
8406
4686
6062
4567
4781
1479
3040
6442
4910
5011
5947
9428
6706
6746
6760
3768
2648
6177
4257
3733
4838
6622
9087
7783
1006
3047
3492
6826
880
3832
9650
8186
7030
2962
6998
7269
4608
3057
4869
8450
1195
8630
4961
1387
7216
3812
4631
614
1367
2134
3721
7554
407
3501
4739
8940
8875
9351
9564
7312
4882
4842
4555
8205
6546
7809
2611
6417
4234
3389
7005
3428
4643
7581
9968
6033
6851
5896
5664
6591
382
9479
6320
8654
1112
9872
6261
4572
1931
1981
8424
5479
3138
1114
6279
4781
8544
8253
2906
255
4208
4785
269
2180
2378
2827
4047
7449
1838
9261
3477
7607
688
5992
8651
7565
7376
2652
8856
3180
7668
5835
5597
8386
7605
2764
8155
