900
4896
8764
8573
5947
7898
1881
4936
6953
5602
7507
8462
990
2384
7581
7612
6113
8149
2459
1195
3984
6318
8865
7653
1684
1730
4743
567
3569
1547
2677
9810
9959
8481
6065
9756
6488
6722
3650
7939
6663
1486
7871
5154
1145
5870
7161
6364
7755
1892
4274
3716
831
9598
9593
5887
3252
7620
1812
7154
5728
6881
184
8053
3677
1135
5703
3033
7134
8907
614
8581
8397
5655
5866
7388
4866
7326
8223
1051
9649
9634
325
3726
1825
1025
4983
4962
997
5558
3801
245
1224
924
3533
2858
9258
2174
722
1944
145
3929
4474
9042
2558
2531
5207
8465
8526
8420
5377
6862
4217
1554
2358
9836
5834
156
1422
1377
876
2188
1706
5430
7565
3759
4553
4276
7249
1841
5990
9390
8598
8369
6754
8413
4111
2196
9097
2102
208
9221
8052
6760
9125
7594
6698
1138
223
9458
1475
1297
5708
4506
2843
167
9378
590
5488
5975
5432
1533
424
429
3792
166
7585
5867
2293
3151
4022
6557
3245
8548
3003
606
7099
8892
3894
676
2884
4151
8938
8726
1979
3443
9825
8142
8731
9054
1893
9737
5169
8390
5803
8234
5540
3964
6204
3071
9074
8535
3762
1020
9784
8165
4875
1427
6093
9916
7757
1094
5228
8639
7462
2899
4412
7244
5135
7597
3821
9394
3549
8955
7409
7712
1427
6778
7973
2200
5799
4590
8075
2930
2879
1478
4454
6285
1096
3500
9216
9456
6435
5356
9035
2175
7149
8220
9330
1737
4329
3034
4891
1214
6155
6756
2861
9742
900
4911
6344
2685
5477
9291
4116
8978
4082
7086
9945
8431
1301
413
7032
4058
300
9642
486
3818
9168
6118
5795
8638
2259
2519
2170
2279
4693
405
3575
8869
34
5423
9343
3695
363
5275
6865
6348
6000
2378
8104
5983
1912
3993
3945
6688
1868
4836
8048
6756
2134
4037
9985
9934
8609
5658
8333
1999
269
9269
7892
3545
4305
9004
9713
6498
9629
1217
7830
6996
3884
3484
2932
8305
8882
6869
5207
531
7000
318
9437
850
5553
2700
193
2878
9287
4598
6632
4268
6871
6485
1255
4030
1078
7788
2255
5387
8062
4882
5095
8174
7082
6682
1940
2554
4794
8596
1654
6266
3666
2700
5138
8310
5845
5919
6824
3890
3610
2734
8960
2273
4312
6892
4038
9096
3956
1089
5423
1501
2995
7105
455
5261
4030
4599
4681
8140
1282
2714
6010
3528
8224
1330
8290
7607
8632
3268
9352
2126
1676
6584
3225
1715
8244
7724
7124
554
4735
8017
1381
8748
3696
7539
8892
8006
5772
6503
6121
8622
9454
3724
8679
5840
8565
9684
1010
8486
3580
6236
2886
1958
3075
887
5253
2357
143
8265
5317
1209
5723
6751
8692
5277
6248
5868
6792
2813
8889
6253
7191
7553
6596
5934
6048
695
53
6358
5445
2777
4581
7133
3446
2413
4962
2159
9066
3515
7068
9576
396
3465
3180
1630
4304
4338
1712
2078
1569
5734
8711
7983
4632
8939
5446
3043
987
1201
8340
7228
2079
7939
5193
8891
1083
7288
1341
7363
732
5049
6800
5997
2814
414
1126
1508
7342
3410
4364
7488
3673
5157
5596
384
4511
7999
5992
9728
5850
3825
2391
2746
4533
3688
1289
5721
7131
459
9017
2921
6126
4180
9102
1067
6816
2043
3693
4964
9489
8238
4159
5076
9189
1549
5131
4132
1249
5713
9968
8424
2274
3245
3312
1941
1739
556
4396
92
1177
8218
3928
9652
4036
7807
603
3590
2308
4998
5830
4898
7997
8668
9150
6799
3753
7843
5048
1567
8689
3558
6912
6224
5239
9511
7989
479
1075
1396
2228
9736
9336
456
7680
2648
2227
1470
1211
2579
7327
33
2676
113
5287
7630
493
2916
825
4987
2423
453
1011
8497
4700
7228
8510
564
409
9213
7939
7651
7206
1791
494
3339
6340
9785
2622
4886
8738
1398
2917
7617
7291
5335
9538
3803
6335
1127
5753
4617
6636
1754
5820
6278
4474
2862
2456
1656
6848
3956
2751
7630
4886
9816
1133
5
2136
6107
4729
6698
4115
7266
1178
6761
3279
8087
4323
6356
5593
6653
4189
6768
860
8786
4367
8633
3547
3325
2444
4582
2270
8566
9802
4007
7655
2389
4490
59
6480
4962
4665
4046
7522
9836
2082
8223
2372
2373
301
799
8031
4138
9128
9301
4714
7681
177
8783
1910
3339
4061
6659
8008
7384
712
8052
3758
4586
3705
6016
5072
4194
2417
9590
9701
663
7233
6469
303
37
4197
5023
2212
7665
2176
604
41
9227
9525
9083
349
2556
799
9379
7008
9087
2558
9304
3470
236
2943
6906
6092
4495
5526
519
4174
4456
9562
4256
7762
1627
8766
9144
8941
4359
728
4825
3263
3780
3839
4145
8389
7701
7638
5050
2124
6493
8847
8328
6013
2319
8046
6939
2233
8221
187
5956
4658
274
1731
4900
9651
9531
2876
1087
813
8927
7619
2272
1791
2144
308
4342
3986
8282
2485
5948
3726
6600
1391
5047
3613
2518
2330
5800
5946
5904
533
8241
4196
42
1534
7284
1173
617
1636
7719
8889
4494
6694
1396
9726
7763
7239
6669
6679
7822
2705
2140
492
3986
563
969
9954
7029
153
7781
9347
9581
3575
3426
3257
2419
3185
8565
5052
2905
3929
1732
8437
9783
8006
3242
318
3809
4797
7626
3321
7717
7615
192
458
2689
1855
6994
9425
3281
5614
6997
3688
8278
5029
2940
7669
2098
4654
7723
7228
8223
3647
