7000
4893
4851
6804
143
7882
5275
8493
8509
8979
273
9824
725
9238
917
3299
4919
7597
5605
3362
1590
4373
2750
9087
2736
5469
591
9428
9080
4890
1415
7252
3409
6087
3419
959
9065
4378
1525
2852
8239
2642
219
2352
7619
6604
9611
8709
5977
3941
5249
7575
1098
314
3925
3375
119
8379
1892
3186
1114
6910
3369
4428
8939
2511
6535
9958
8043
2581
246
5783
8977
7952
6775
7030
5071
9630
7446
1373
304
6942
4123
9721
9136
8300
4893
302
344
7098
4788
7016
948
3439
7705
3804
3619
9417
5180
4604
5707
7919
369
8538
4838
9841
8633
9492
2508
3121
9016
7037
1711
2090
3608
7373
973
8110
9194
2830
4470
5327
3988
9127
7226
9971
3163
70
7741
8154
6142
2198
187
1483
8540
6913
6690
9338
2740
1134
1360
6118
5975
731
442
7088
7132
7158
3621
8070
2912
6293
5173
236
1511
3877
7008
7084
7492
80
7214
3429
2240
4648
4928
6223
5099
6896
9002
1278
796
5353
7117
5540
6886
7897
5685
5153
2698
9225
2940
1590
9987
6421
1882
3832
3122
3094
1290
3103
614
1452
6522
9070
7015
9205
6942
6461
8576
2555
4065
8545
5607
4825
8297
1550
4634
397
1669
8563
1479
4297
326
3363
1415
7956
3128
7412
3641
9230
3740
1984
6263
1552
1715
2905
9223
5537
5689
5402
7824
7046
8939
2904
7223
9633
3174
3415
3205
4858
4830
8697
2790
9867
5399
4449
1105
2692
900
4230
4031
2031
4602
963
3082
3247
799
5675
4499
1905
6853
3257
8880
1397
9901
6950
4480
3478
8953
9812
9453
5891
3747
903
8781
7218
3811
4435
2100
4331
9633
7009
9129
6224
6871
7899
5955
8460
4146
6
7776
6729
4981
2416
8643
7228
8666
767
9976
3563
7766
6905
1396
8958
6504
8578
5502
3939
2814
9535
7571
1948
6131
5673
3499
8115
6697
2029
8694
4733
1487
2353
978
1020
4799
4993
8829
9135
4231
647
2193
6804
513
3577
5968
3502
9873
2060
9101
9025
1947
1527
6773
2970
7775
6978
4408
2268
7938
3597
8712
4165
2458
2413
653
9983
8550
4849
6482
8306
5671
8867
2015
535
366
1738
8964
2087
9572
3099
9343
6305
7024
3584
3995
2075
5432
833
2805
7232
3656
415
1163
9960
72
4576
3588
757
1069
1860
5014
2969
1374
2822
3688
1413
1281
3774
9716
6285
1394
5075
1896
1271
5455
4110
4122
402
9939
3113
3302
9315
8109
9654
6149
7114
5164
2253
2235
5811
6425
7949
5325
9256
2065
7924
2862
9652
766
8730
7157
5731
6257
5143
9708
6230
4062
8404
9558
9874
2467
5983
7566
3784
1094
7640
2553
7055
6347
8824
1080
6124
7695
7266
3804
7012
2020
8914
8149
632
1304
3745
2361
9343
3284
7547
9630
5346
6463
9287
1860
8785
349
7413
2258
9523
9271
7447
7643
4666
5528
4182
7148
3541
4657
5285
5942
1551
3129
6818
8002
1829
9685
6105
8838
3476
3152
7091
8002
4224
4583
2843
3799
8706
1124
5633
245
985
4292
8152
9791
1969
9879
7882
654
5745
7460
4891
7646
3070
5398
7978
2857
1597
9447
4196
366
6710
552
6483
8782
3972
7162
9348
8019
1849
412
2646
141
8318
625
3774
474
3239
8429
6136
8016
6757
9836
1256
6762
9174
287
9534
1790
7863
3124
3543
3623
7929
8544
7488
3460
3457
9676
3094
7884
7050
1658
9033
9932
6549
5714
1983
3038
8672
8749
2580
6647
6405
3005
8415
8638
2473
9543
4272
1604
3253
1246
7286
3892
9265
2973
8653
7049
7932
193
6452
5862
4312
7681
1597
2582
3763
7947
5325
3585
304
28
179
4135
7076
7243
3574
5548
5772
4178
8422
5024
955
2906
8085
5690
4098
7955
495
448
5720
4061
2835
3158
8921
8821
6630
3968
2107
4255
4797
8486
5659
13
4328
3651
7686
8601
1343
169
5972
5285
1380
8614
5262
5916
5287
2699
3568
484
904
8878
1274
7235
2007
8766
4112
6539
5336
6302
2258
6468
7827
9553
9062
5508
1431
3760
6816
8957
302
202
5555
7699
6620
4265
7426
7448
7297
6269
9087
7878
4366
3047
7365
5609
772
596
3313
9831
3800
5908
4363
2700
5074
1254
675
8502
3269
2562
5638
5545
7609
4210
5503
1040
9140
7838
5130
9810
967
514
6068
7037
5044
30
9870
9457
4126
4251
8240
7227
3353
2581
9739
7500
5984
169
9559
4214
5205
3660
4603
5715
7811
5093
4970
8065
5839
3000
9290
3182
7949
9632
1
4908
9087
3240
4392
3889
840
7527
1025
2429
2783
2614
8101
4329
6927
1902
2694
2761
2635
4579
7347
3053
6879
7479
5914
1338
2433
2348
7991
8768
2662
6410
3755
8759
9986
9401
2904
7931
3287
4332
4089
8353
9998
8810
142
3141
3508
6586
8836
2866
3291
4170
8099
5900
3282
5452
2722
3566
607
6430
4101
3499
9112
5524
1814
4947
3969
21
210
2452
6975
8910
7690
5626
1883
4038
7401
3957
9107
8320
3877
2837
6842
838
4671
5477
9679
6905
3141
5313
1692
5458
1911
7045
2837
9107
7494
5859
2096
5407
8792
4016
7156
5842
7929
6796
1849
142
8427
1885
2175
9428
4686
2519
6571
3275
7658
7338
2604
5520
7865
151
4236
811
162
3888
6306
1561
7104
1452
2516
347
7953
147
5145
4939
5130
5932
1932
3910
2232
5425
8701
9594
7969
875
4962
4717
6985
2320
875
3975
465
5173
3507
3694
3145
5137
4034
5708
2614
3681
6464
575
1199
8897
7123
1788
6321
5693
5161
4753
8979
4340
2737
4406
6803
9014
6644
8895
1007
3642
9297
7473
7872
5423
8534
6414
5489
8925
4667
9247
2093
8230
6440
1837
2774
6990
9942
2379
1746
2628
19
4980
1488
6348
1967
5132
3129
8843
5236
5862
2145
5390
3922
2018
2972
5575
2968
4336
5965
534
6559
9590
9594
896
3536
5161
8539
4030
6710
1611
6418
2516
5870
8130
7748
9724
395
609
1429
8110
5798
325
482
4191
7874
1390
4088
6228
7949
5992
9442
5713
8435
85
1855
9506
1405
3785
7874
7300
8439
5761
163
6769
2366
9776
2355
6487
2552
3064
1213
8244
8478
7153
8359
1584
8868
9674
8472
9447
8794
217
7043
3714
8955
7312
4594
4144
2210
862
9118
6966
1820
4367
7306
8880
6168
1106
4368
2451
9291
4293
9731
9649
9521
3166
7652
407
2702
4248
6207
7990
2866
9560
8917
7164
7834
8828
4533
6431
4627
7087
4964
1046
1306
4187
9436
7332
5295
5787
576
6082
8744
5772
1613
9671
770
5968
6971
1862
2082
8110
5539
4597
4793
4489
9804
6133
8454
5627
5614
3587
6533
2606
9751
2682
2725
5400
7675
3154
6327
9616
9638
1401
9811
3585
8861
8972
1941
7178
6147
4851
7780
8879
5783
1430
7459
6447
859
4560
6737
4115
3775
6143
7979
9792
9292
2452
8497
4345
8173
8397
9925
4389
1639
7932
8927
5528
2233
8804
6926
8368
8862
8560
1482
7263
5311
416
2229
895
3334
3584
1392
9271
8494
2071
6969
9497
4486
409
3441
2165
9796
5737
5804
6317
3110
1039
4898
1270
3923
210
2866
6680
4336
2978
2838
5730
8063
1956
1170
1901
8514
3595
422
843
5725
4687
115
732
1114
8573
9482
909
5861
763
8608
5149
6520
2966
7006
1853
9745
6970
420
7732
1758
6189
9038
4876
3243
904
1342
365
9507
6819
5481
7091
306
620
3390
6670
587
8548
1888
966
901
7142
7829
6761
4288
1557
120
9555
5446
9521
5049
7401
4572
7701
9523
946
3671
6320
3790
9202
1180
5934
8715
1683
4224
4258
3165
4067
7950
6082
2519
549
3223
7311
3216
6580
3747
496
3331
5323
629
1674
7731
6170
3053
9630
524
8214
839
4959
949
3104
9121
1326
289
1664
1770
4020
6404
7118
8950
3323
2851
4604
4398
4153
7748
5539
3796
58
7221
1977
3172
2905
3048
5180
1334
8380
4732
9006
8623
7481
8759
9853
4983
8968
2863
2221
4086
646
7624
9332
1528
9906
359
4977
1712
9145
5285
2266
1560
3849
9248
1345
3126
7091
8331
6739
1642
2290
6198
3037
2884
8515
7192
3371
850
5184
4040
1710
7879
9069
5820
4424
151
4573
6440
9047
5775
5137
5784
9692
5458
7935
8713
4456
6174
4924
7729
2754
4062
6262
8623
8983
4184
5792
6429
7518
2693
5546
4962
6999
4481
6892
868
8751
4568
7247
9578
7730
9345
6424
7888
7902
7207
2322
7956
6608
1986
1015
9917
8574
7973
5994
9675
8080
3696
3956
3209
6091
149
1610
383
6364
5784
2807
7316
1005
4927
7179
49
7495
3881
7215
4497
8564
3883
2932
6900
3615
357
4680
2483
6635
5363
4484
9773
9005
464
6628
128
38
8085
4611
1252
5537
9567
3379
2929
6278
9551
3446
5280
5384
8379
7277
1247
4785
2689
7818
1822
2920
2251
7171
1975
3628
5006
2854
9483
8560
4428
5843
6055
7107
5434
2283
5253
7530
9948
6243
6510
5373
4620
8677
7693
6171
6762
5155
7023
7146
8365
3880
1239
8719
7688
5421
7662
9366
4728
9797
5015
1631
8233
2454
7600
7893
1223
6404
4309
3852
4514
5196
4127
8615
972
6074
9546
2515
3900
7623
84
1379
9653
5922
5072
1832
8528
9402
2027
9037
7381
7925
6118
7069
6553
4848
897
7969
8817
2532
6409
5034
6453
6289
1913
1255
3616
618
6620
7380
2068
9420
7170
1407
410
5404
944
5464
6343
3292
7682
932
7610
746
6412
5550
561
4982
7950
9931
7356
8573
5333
6888
2553
6758
5374
6082
7694
8969
6198
8386
1446
7447
5517
7683
482
586
4682
9361
3297
3098
2775
272
5962
72
5420
7014
5446
4491
2473
1654
4107
4724
5645
9034
4434
9424
9876
7628
3370
3547
238
2657
4710
8779
2314
1698
401
5424
7825
7033
9058
9701
2815
4725
1914
3107
8331
6425
8346
7299
3960
3527
7666
4958
53
6324
9172
6403
3983
9928
2567
3555
9190
5493
1064
7853
716
2274
4074
9857
6778
6083
4366
4851
2877
742
2478
94
8397
2636
9475
1363
8399
4593
5718
8925
2032
7003
3155
8161
7617
5067
8426
1943
1955
6707
4496
991
3432
9781
4242
4387
713
7827
6041
8120
6229
4296
1609
7055
7190
9473
2835
5966
2752
4026
3643
8118
4595
4833
5459
3776
9440
553
7414
2009
5545
6318
7698
9160
5440
4847
7932
1448
1121
3677
6887
1126
3212
1358
479
8953
9130
4270
9872
2744
2449
8803
5796
6220
9602
2428
5273
3828
5392
4902
1456
79
875
8730
3858
8186
2522
5941
7261
5541
9175
6341
7852
3812
3957
4797
8677
2671
6700
7670
2028
8614
2629
4019
5061
6293
1457
7599
4247
6256
1043
4757
5419
395
2862
2747
5188
729
9865
5083
4824
2991
2976
3199
9804
9731
5828
6425
8975
2182
7234
1949
7053
7836
5104
4796
4003
9444
6884
8206
2082
2152
2287
1034
2860
4323
4758
1829
6364
313
6354
1493
9026
7752
1661
2608
5548
7049
1997
8038
3968
8931
2142
3320
565
1516
3671
5427
9826
9517
2606
5565
3390
4513
903
3083
5239
6361
4087
1948
9422
1695
1896
7014
2111
373
9413
6155
638
1258
4741
9623
3453
6296
4068
5321
4202
8013
9597
8235
5525
7379
996
7168
2255
6926
1983
6330
3983
8930
2005
5221
5326
6815
3823
3123
2722
1242
4555
4660
2679
8185
9871
8321
1913
6442
4730
5382
9711
8064
4646
8842
1073
283
9978
668
4554
6164
1644
2539
6024
6802
3187
5730
5104
859
9163
6063
3871
1579
2066
2831
1995
7786
1295
5367
4985
2317
6082
5297
7175
827
6982
5617
921
6362
2659
3
9729
2822
369
9908
8535
6525
8327
6409
1432
138
1521
863
5435
3179
4031
6848
911
929
5898
6623
6848
8261
6769
7456
8120
2753
5426
135
594
3250
7701
7259
8441
6808
9346
1175
2543
1975
803
1885
4251
2893
1811
1591
5706
7792
6198
8715
4405
2499
7602
1082
4835
6709
955
8630
4501
8439
365
1806
2303
904
226
3959
7095
9119
1363
4408
1286
307
2315
3330
5883
4634
2920
3322
4767
9709
586
5429
195
8308
9870
3791
373
1747
7844
7751
3650
3248
1131
1627
8709
7728
767
6331
8109
1038
3065
6269
3789
4039
5397
4556
3021
8165
785
8461
5038
4469
689
3841
7483
7511
5615
2272
9035
8626
3711
9496
7218
6145
9089
3889
5831
3470
4752
6236
8017
7049
823
3352
4010
4470
3939
240
1734
4608
6708
8420
8236
1597
829
6003
5267
8704
6507
7362
1384
7557
5442
4427
1483
2541
2722
3221
8570
6502
2728
2540
3189
7877
5137
7085
8977
5699
730
9985
280
5362
676
6003
445
2506
3523
3727
7293
5300
5093
9320
4817
5234
5631
5894
5296
3576
6546
7835
6193
5980
1261
4513
6911
1702
5132
2929
2357
9171
6526
738
5080
6924
5909
6797
8068
9854
7479
9977
3999
2694
9009
231
5257
2379
2026
8204
4933
3783
3909
5398
1505
2851
5249
1069
6913
2799
9691
9480
9867
7867
6131
585
6123
2196
9836
6806
7430
2894
5356
5013
3803
1066
6259
3443
7957
9973
297
1297
1998
462
4432
4171
5390
4113
5641
3926
5073
3892
3282
2006
4566
77
5197
4537
3763
6286
2635
724
6070
5086
3927
6536
1255
3621
8928
2943
3817
7044
4782
7769
2687
6975
9926
9470
3147
3896
3976
127
5809
4041
1126
7646
1291
6478
1199
9814
502
6204
4105
3865
3225
2418
3180
1060
5605
5051
6075
5313
9144
7004
5278
6392
7532
6000
4139
4578
1740
5230
5028
1309
7591
7539
6345
5861
1917
5970
670
9605
1318
1429
4439
8393
5650
5758
7823
5519
2587
7198
6952
4186
4583
7441
4509
7859
8729
9269
8964
1452
6951
3093
7215
5986
310
2806
3633
2431
9761
8333
3310
6184
3577
1866
8747
5786
6150
2022
1252
3868
5548
1300
5292
129
5849
8455
9055
8092
778
1040
2836
1280
9677
4498
5582
5747
1297
3365
5970
8831
2922
2002
466
757
81
4113
4536
4654
4872
317
4750
5679
859
2961
8250
312
5266
7154
2600
7305
6819
2536
9119
3201
8500
1753
6325
5
3566
5988
5966
4906
4061
8791
3328
9951
8868
4990
354
217
3181
2441
3746
5148
5390
4520
4790
771
9703
5285
875
8509
9224
4686
7625
4516
4096
9102
4696
8299
8096
1736
8379
2579
1950
8191
890
2682
741
9844
7277
2657
2185
1868
932
3976
6360
5693
4133
4952
252
3846
1757
7180
5885
8200
1655
9997
3556
7013
9866
4681
235
8068
9132
975
2975
4029
341
3546
1783
5303
7902
5480
7487
1692
1160
7365
4205
6069
9049
4697
4660
3655
5042
6730
9815
4650
6156
9167
6565
8082
3296
723
5554
9948
6453
7042
9831
3543
1812
4003
5376
1388
4664
3586
3059
1995
9554
6601
2417
5059
168
7658
7860
7374
5741
668
6328
4871
3420
5263
5126
1529
8526
5069
3467
2149
3931
8656
8520
6911
8253
9146
1891
5366
9184
5813
4170
1582
6677
2039
5799
8172
8774
5265
2543
3021
8820
8676
709
2979
8012
2289
1500
7421
824
7020
6649
546
3793
6748
6071
5562
2370
3074
8835
7673
5528
2835
3896
89
3526
3619
165
7091
9669
7104
2298
9753
8265
8440
9938
403
8286
9976
6042
5028
3793
8547
9168
2728
5883
3563
1031
6476
5992
6334
2326
2282
2742
240
5984
7968
8857
6257
6110
6204
9835
3163
1272
7030
7729
2459
3012
938
4440
617
6901
8064
2062
3989
2180
7722
4974
880
6684
9721
8387
1028
9951
2781
221
7089
9542
7111
7282
3702
9510
9164
8091
1544
1806
6040
9967
1297
8973
4060
4094
2856
560
5015
5651
2648
217
3964
2829
4368
9627
2933
9575
3383
3890
4788
7074
3290
896
1794
2532
9156
689
1078
7722
3209
352
1683
7033
9246
8946
2910
2514
3576
2352
2827
3940
7295
7747
163
6844
9663
4712
1732
8135
4940
1091
309
9736
8687
4559
4036
6772
4241
3955
1551
235
1138
7841
8827
2785
2774
9656
8644
2266
3358
8761
4609
3077
175
790
5219
6143
112
4534
1674
3192
2149
3574
5844
739
5683
3274
227
5206
256
8512
5242
9250
1240
8213
7108
9804
5854
817
400
1146
1661
7934
2589
2297
1146
8934
9278
1547
8009
3402
8843
8878
9048
5791
9604
3159
5339
1618
4738
9438
8725
4332
4219
115
239
577
8241
8750
4553
6723
2585
4820
2874
4563
5075
5317
3446
4167
202
1107
4779
4903
7386
397
231
8594
6137
3385
4170
2334
6820
8832
1412
4812
4999
6946
5451
2233
9304
9291
3786
64
3168
8014
1273
4045
2327
9693
4293
6461
2923
5051
7373
9490
3933
1624
552
8243
1944
3212
902
5407
718
6975
7857
5330
9265
7156
3295
1680
4619
6182
9943
9694
3899
6619
4014
6416
6429
565
4877
8877
4340
6295
4545
1070
6246
3365
5934
1334
6612
5796
2160
2444
1765
3440
6032
7651
8334
5292
1456
5194
1984
5156
3
6287
2349
1055
4924
9439
4536
6705
3425
2249
41
236
283
8208
2282
4086
9149
3695
2242
9045
5167
5687
3115
2535
518
227
6833
6127
9905
1629
1145
3961
4771
3705
5051
5151
2680
7135
3550
8244
9413
2918
3039
8477
2417
1500
3613
1312
1306
8850
8389
8276
8677
5156
1989
8984
9206
6230
3646
3408
9096
9834
139
5913
489
8127
6120
6270
1541
979
4385
5075
3694
7336
4329
9007
1317
4741
8308
8198
2759
7875
4353
9140
6327
8424
199
8966
9412
1953
5722
6099
2551
4311
4826
1304
9035
2196
7785
1904
8360
8304
3207
3970
9630
8900
9932
2068
6363
9567
9937
3470
7978
1398
9819
1577
1752
5926
4181
6199
3332
2934
6568
284
4738
9832
5466
3209
7435
5870
4641
1033
4853
7145
4018
4613
5691
5180
5291
9906
3449
1055
6984
9370
7942
8400
6358
4984
3533
7027
3906
5133
2090
2346
3837
3023
8878
8880
3663
7505
8671
9568
9812
8430
6144
51
7399
9071
6344
5621
618
3020
4833
2329
5679
7439
9327
115
4582
6164
3674
1619
6708
9324
8186
2514
9708
8353
8143
7124
6349
3508
3690
3213
8487
6434
4572
5153
4122
9925
3337
2340
6430
6647
3559
1888
521
4065
5689
1428
7696
2145
371
1657
926
4090
2889
5040
9674
5109
9496
7111
2967
838
929
4747
5117
5081
8830
3624
9504
2907
5538
1387
1786
4693
4945
2776
5402
3987
1784
5607
4216
2259
795
7162
9875
4329
2026
1369
345
6080
4703
126
6867
5018
8118
4525
6235
7000
3897
2507
4522
7253
7143
9008
4482
252
4257
694
7957
2635
9073
9361
6273
3071
5463
5929
5640
2175
369
9250
3776
6276
3845
6141
835
117
2415
5671
4228
4306
770
287
8495
6919
8093
1877
427
4512
1595
5838
8160
8171
1526
6516
9791
9992
4250
2170
6962
5213
1714
7741
6464
2407
8721
6519
9549
251
9166
6541
6604
267
1581
7831
9458
2212
6630
1520
3081
9411
2965
5571
5549
6024
4509
5797
4710
4451
8713
754
339
6298
4721
2720
6511
7948
2517
6704
8051
3536
3593
4675
7288
6615
4509
9368
4215
529
7592
819
5727
2475
8416
3402
7057
5013
6665
2633
4508
5858
2408
5781
6304
6761
9170
926
49
7528
182
589
2554
3960
3811
6509
571
1035
9495
1542
1761
6562
1894
2948
6513
3499
163
8918
1712
7720
1230
6818
5634
1019
8330
166
7149
2973
7850
1802
7705
2446
487
5937
5382
294
1360
2095
3450
7594
1039
740
9766
7963
1876
8741
915
5176
4112
8492
9582
8803
352
4342
3550
3745
8948
2394
7806
6315
5211
2346
4811
914
1613
9602
3307
1983
3893
6653
7096
1000
7336
5670
9960
1423
5014
1900
7914
2052
1244
1535
1119
9451
9780
9527
7859
152
7002
6037
1959
7431
843
2576
9884
7544
8428
6497
2605
6663
6308
1595
233
7450
23
4689
364
9619
9024
876
2522
4245
2539
4820
3575
596
6556
3099
3910
5925
6191
3737
1307
2005
7821
8482
8607
6741
9511
6612
2096
7362
3235
4141
8946
5651
256
5545
2519
3163
9799
4936
5798
5023
96
5870
4170
7794
4254
7045
5386
2907
8040
5725
8176
2712
6821
1939
7033
1692
2355
3887
2088
6739
9828
6535
9335
3495
1878
817
9451
2475
734
2326
2162
8548
3568
5490
3036
6632
2285
4456
3363
2254
1353
7379
3161
2693
3223
5527
7580
913
6548
2309
2937
9248
2157
3725
6602
4906
1742
9550
7581
2903
2312
4489
419
5962
7374
9236
9264
7099
6269
5226
1766
5027
3381
2271
4233
6016
3752
8657
2367
8504
4061
1051
7878
331
2257
7123
5105
5169
7116
2435
5713
6930
3771
7797
1260
2692
4992
2615
4028
3071
2482
3069
1174
7581
5345
6022
2773
3437
5978
1431
1220
9254
3059
2356
5349
2601
6421
4941
368
3599
1187
6277
2682
6113
6091
6749
7537
2215
6855
8879
7746
632
9840
7591
5384
9808
609
5628
114
2319
4659
4396
7023
9342
3402
7525
7464
9997
5451
1312
5706
3752
5656
2695
2782
7272
4234
6695
5607
6453
6154
9601
552
2585
5836
2139
3487
1824
2616
7844
1010
5500
5526
1444
3860
3653
3781
8353
4340
5277
6265
1166
4339
2049
4127
7054
3616
299
7197
6822
4849
9924
939
6081
9760
5320
3656
5757
1184
9042
75
3858
6682
6198
4967
9427
2488
1389
8793
4909
6333
7243
6401
7420
2592
156
2587
4461
8083
7517
4473
5630
7316
5112
5199
8946
7679
5511
5146
4704
1261
1913
7309
5851
318
2690
4458
1981
9679
6540
1162
5116
4007
7788
4473
7694
340
2143
689
329
6909
1828
3969
4787
5683
643
1529
1288
9257
4714
4949
1594
6829
5945
6452
7011
2146
7267
3588
8182
2875
5701
1323
8787
2374
5843
1636
5913
3491
1870
4708
8261
2592
8290
1881
9929
7554
3403
1006
936
5602
967
1309
446
194
7334
5746
3565
3194
8607
535
6226
3315
7101
3921
5349
3806
3030
6294
6271
9122
3259
3066
5078
385
1787
1189
3620
902
5331
8306
4502
8030
9216
3590
2192
2608
629
4971
3790
5097
184
9385
3957
936
2518
6128
8727
7795
5271
4420
1142
4532
9868
4469
4928
9620
837
7641
5128
323
4975
4025
1381
1889
4299
2805
564
6011
6601
8996
1737
3189
6691
2189
9699
336
278
299
4157
6809
2459
6624
1344
3422
6517
4025
7958
6653
9234
7066
2489
5371
1972
6838
3178
7950
9914
6972
8430
2120
7559
209
3603
9152
1908
439
9120
7695
6673
4679
8378
5347
5030
1920
4002
3283
1032
2923
7132
48
2088
1930
1259
4308
869
2733
6728
7355
6497
6913
9106
3386
9217
7190
8559
1552
7406
2363
512
4151
4809
7623
8242
3207
1292
4455
9121
40
9003
4319
9479
1841
7929
7471
7442
738
4102
3268
8084
6826
4278
3095
820
1302
6493
4150
9650
5927
9879
5037
695
2047
9188
5281
3642
2887
5312
4233
95
0
5937
3609
2907
2932
5081
8956
7107
7544
7148
893
9969
9201
7931
5618
1560
6703
5726
9318
911
58
4705
4081
4873
1128
9461
2791
4134
1209
8263
7290
2946
5663
8782
7612
6507
9021
1406
6501
9232
2778
1065
9660
1140
6114
8181
3622
6258
938
8121
1385
1851
2446
3809
60
5099
3160
865
3533
4601
9663
8565
6078
8669
6954
8503
973
8188
8911
5722
334
782
1085
6147
6647
2049
8706
2296
408
2470
5386
7857
6660
9097
9477
4090
4225
6463
3795
7482
6360
2728
6142
3598
2953
6883
7124
6479
8767
9441
656
7890
2539
8529
4244
4846
3216
1339
5893
9768
7034
5688
5619
474
6171
9870
9588
2978
6500
1898
7308
1238
60
9158
6346
214
4000
842
1506
1146
4311
6622
3586
7866
1137
7694
5492
4044
7132
8774
6191
7704
2706
9501
2842
4984
3474
862
7870
9963
921
3760
487
1017
7565
4872
343
6000
4886
5621
4455
2108
601
2889
1963
9894
4290
5575
8496
6611
8974
7111
9812
6941
9859
2679
914
4496
5932
4348
7673
6202
6020
374
4793
4805
7390
9489
5849
7457
3535
3079
2791
5306
1545
7587
7213
8249
2260
4705
2684
8518
5755
402
4184
3275
3329
171
4432
4212
6830
1596
2648
7395
5497
3006
2261
6432
8468
438
7732
7037
3887
8118
263
3895
7642
1843
7069
8248
1370
4513
8765
1722
727
6778
7295
9414
9760
9261
4967
1467
7307
8915
2142
954
1949
8749
4143
8157
5858
1162
3291
8168
4586
9941
1082
3831
512
7818
3551
567
2888
6281
4246
7202
3093
4835
3260
9346
1908
450
1067
6902
4536
997
5281
2114
6291
2888
9772
560
3501
1138
6468
2661
9828
3800
965
4223
3761
3359
5015
9882
9459
3919
7260
3634
4730
9090
3141
7074
6833
2684
3841
8507
2425
6901
5555
560
6719
2577
5327
7214
5017
9521
7825
6105
4066
6675
2651
6978
7279
3956
6921
8709
3741
6005
7809
814
585
2683
7036
3179
876
9664
7116
2333
6801
6984
6938
5992
7829
142
1069
4202
9913
6012
3464
1176
6166
1673
1632
9332
5055
8205
5032
7323
1772
5665
8012
603
1496
2801
6023
8449
3928
371
3185
4176
421
9761
6856
6094
9273
4849
5769
3352
4067
3463
8891
3398
4854
8256
1897
7561
1012
591
6394
769
7714
4421
831
9787
4201
1465
3480
2760
5897
3623
5827
3353
3273
533
6914
1557
9167
4304
2183
8429
8312
1477
7103
2119
1589
2939
1753
5334
1059
7886
6258
59
6037
2807
1454
9653
6736
2678
2612
9955
707
7554
806
9450
3648
71
6140
5395
2444
6206
9036
6108
8735
4458
4456
7582
7559
7582
7093
7838
6000
9101
9267
4109
3192
6969
6093
5578
4418
2365
7135
5272
6138
5942
9999
1866
7343
6828
5498
7418
2194
4190
7564
8025
3994
9579
5339
512
5409
3693
8256
549
8638
0
2003
6810
7792
145
1794
6048
5923
9009
9789
1593
1202
6761
3809
5146
2906
7319
3040
8543
6775
3222
6329
3016
829
8508
5449
9553
8597
8908
5278
5536
114
8460
3428
1191
4623
8242
1774
5466
5367
3559
4146
9066
6528
2045
3697
8064
7844
9213
2337
3781
5438
7177
3434
8670
4718
2576
3881
2165
217
3007
6740
4290
8544
741
1291
1416
5530
9471
8951
9900
8001
2738
2354
3553
3351
8216
2050
5663
882
3537
6835
594
2427
1386
9696
366
5999
9819
3934
6079
128
6107
1589
7151
5947
9550
9004
5521
7654
9854
3360
2987
3926
4327
4416
3024
8090
1372
3928
3275
584
5816
6665
520
9602
8447
4641
7740
4805
4771
716
8805
862
6514
9030
1963
5720
3836
9547
6934
5830
4658
4926
2057
8937
4090
6114
5500
2015
7503
744
8104
5561
8213
9494
3340
232
7915
4400
4988
7811
809
4902
7689
5367
5225
5978
4859
3803
3202
2556
4842
7886
2879
5540
3613
3392
78
4811
1289
5546
4148
7702
1835
922
3437
1135
9105
5903
1154
9714
5075
1086
803
9634
1551
5279
8196
6230
7442
4983
5813
5603
4290
322
488
3910
2536
1852
4935
2958
7707
5757
4142
3044
4327
2783
7636
6665
1757
7309
1015
1258
4948
8282
8549
8034
7597
9402
5383
2604
7988
4657
7272
547
6066
6070
8483
8649
7008
8052
2874
7728
3510
1357
5411
4712
6705
4427
7885
8342
2498
6261
1136
8717
1955
7882
5666
8459
6117
1645
6614
1747
2694
1261
8528
8674
9022
8991
8755
6016
3640
3338
2891
230
6749
2623
134
8934
7291
531
7852
7003
8405
5355
4656
4478
2213
6483
4831
1313
5069
6459
2342
9196
9050
4974
5568
5363
7593
448
1244
5088
1828
4083
9229
5186
8693
2454
9019
4337
459
331
2390
6476
666
9683
8907
129
4637
9369
224
5353
1623
4679
5817
8878
214
8041
8141
841
6345
1676
9730
8268
1160
6226
5508
1273
3874
1446
1301
8813
6692
614
7727
5117
3589
7137
469
8523
3407
6303
8904
5557
1575
2407
2036
2858
6094
6897
3098
5065
7008
2825
5257
4889
1561
6892
4214
1919
5383
6915
7146
7439
4491
2249
7882
5906
537
2522
1602
4991
6911
5434
9403
2377
3155
8271
7980
8358
3540
9436
7580
440
659
6842
3733
8265
8378
5973
6196
1223
6170
5809
365
2330
6323
3832
8316
3534
636
4849
694
482
9714
2413
3006
4315
8685
1153
7859
7605
558
427
470
1368
629
980
2922
3955
8448
6545
132
4935
2877
3461
3410
8834
5472
4278
1464
4775
1456
6682
4085
3847
6411
8574
484
1870
5114
9010
4255
8716
6912
5861
989
8126
6908
4905
2668
7944
29
1603
1994
6546
9461
3521
6461
2844
9638
9832
3971
3823
585
3832
2851
2402
3102
7966
4226
4822
6990
3559
5074
1998
1452
6252
8261
8382
3034
1967
4639
511
1143
3279
1641
8443
8630
907
3250
1740
6378
5425
8512
4700
7901
4402
6372
4472
1696
8868
3116
5478
4653
4291
5586
4704
9496
8869
5313
5740
1908
5176
7879
3657
9889
2971
9558
8184
4947
6054
7333
7268
5295
5990
6372
1328
238
2761
7213
5484
4404
5090
8213
3364
5818
6474
1681
3909
8679
692
7702
8763
8429
9994
3065
8812
6816
2057
4357
8875
3058
3942
7930
4891
4777
235
4738
5488
6769
5586
1968
5235
3086
1757
4834
4114
7786
4016
9973
6769
4989
1356
1975
7841
2123
3720
6215
6219
215
3534
4760
1978
3925
3487
2437
3170
1836
8964
6511
7168
4074
5538
6946
3296
1362
9945
966
9813
3041
8073
6544
921
8095
4002
8760
3473
2000
5206
1926
123
634
8013
7206
3399
1601
2645
1338
575
8381
9508
8351
773
8269
5228
8055
7351
9813
3081
9253
7057
67
4170
1464
6720
2256
7865
7582
5102
3169
9417
5242
111
4797
4027
8609
3639
8953
1181
1550
1381
5055
4576
5957
4800
1422
6948
2820
8733
1242
5858
6261
8474
260
2357
4784
3274
3012
5254
8061
3262
5810
1491
2104
5548
2389
4716
2045
4062
2163
5497
9459
9929
8806
5579
5701
1848
432
2686
4715
2773
789
2199
1655
1844
5463
4000
1003
5372
2159
5677
6488
371
1175
3642
3842
1701
7525
7875
8671
9104
7697
6543
2398
7630
6263
3898
8900
4784
2904
9086
8817
5412
699
3853
9265
5379
7137
1726
431
8794
2022
705
1492
4850
1971
1681
381
1534
4161
501
9595
1777
2648
722
9811
6441
5301
273
1622
8780
6426
8104
6939
1917
9935
1688
759
2491
4262
9523
4543
5575
9084
9639
6964
1183
5051
2620
3710
6620
4429
1286
5060
4164
380
4822
150
621
6068
6723
654
7631
9433
2481
5963
8213
3861
5852
253
9072
8410
6947
6351
4951
1381
9555
2189
590
4019
831
1943
4530
7006
1257
9934
1343
1168
2064
4636
9422
9385
1062
5136
5119
3595
9868
9318
9726
3361
7692
2485
7557
1072
3474
5714
5198
9718
4265
2883
6707
8735
8110
13
8053
8663
1427
30
8405
7337
6754
4167
4545
822
411
5169
8638
482
4348
6113
4735
376
541
4630
7024
3693
7909
9662
4673
1010
7788
6729
9170
8259
5005
7301
1016
7612
2231
4856
905
9868
3714
1212
2041
8641
8137
3381
4482
5299
2023
8942
1577
9229
9554
850
3843
901
639
3062
3876
5325
7552
3475
6671
9874
6993
3777
6751
9906
1867
255
2064
5595
7122
6608
2635
4574
8834
8063
5261
1249
9649
5715
6723
8020
1232
2125
2835
6316
5412
9838
7530
8699
4811
4934
1694
9665
3677
2967
1279
8700
8993
2888
5151
8842
7912
6869
266
4943
1450
2788
740
9074
4380
1906
4814
5810
8475
6252
6277
1686
8680
6298
3223
593
1263
485
5538
5652
2837
5306
7499
3742
4461
2838
40
1759
8695
2769
6091
6394
2103
2311
5531
5464
3053
6017
9696
6217
5318
403
4347
358
1039
5006
9120
8882
6417
1541
8673
8703
3037
6557
328
6556
7412
6174
6592
4492
2644
1126
6368
66
4203
3885
5478
3000
4457
2627
9180
463
3430
9141
1546
3137
9885
1710
9048
2322
2100
9754
5965
6949
5545
7446
137
4779
7562
2115
2331
8662
4497
7866
6624
7803
7338
4041
6441
5318
1827
3243
3495
6824
9359
9718
5494
1307
1590
5518
5027
422
5949
535
9819
4459
1165
9288
7138
9614
3747
970
9645
7025
116
1583
2396
3034
7114
2544
9063
2038
1295
6639
180
2230
4356
4587
1698
2856
9231
2130
3398
9969
9216
7489
5743
9638
5566
3542
2312
4201
3250
2086
1753
7376
2623
3787
8154
9218
2925
2757
8646
8795
4081
7794
9144
2175
5898
6600
1652
9515
2667
5726
9332
6263
9088
5931
4621
5175
4927
2902
1038
5105
5500
2700
8325
2521
5336
5185
4558
2967
3735
1069
5464
9866
8285
9031
1334
6278
4485
2368
8655
7945
3358
4982
1298
6284
5330
5433
2137
9621
4547
3467
5977
4713
5605
9504
676
6494
6690
6756
8475
5550
4750
8012
323
6839
8072
9892
4866
8640
5785
200
9670
4438
2220
2078
8499
2229
3194
9697
311
8610
608
3049
4540
2165
6032
1925
7561
372
1953
9578
9461
9194
196
2213
3257
3398
1508
2716
2065
1968
8057
9715
8687
2006
9641
5019
4619
7797
1595
2612
1595
9603
5834
8803
4667
8969
7058
9071
6906
8799
2474
5910
1825
9887
525
8748
992
747
8631
5203
5718
2842
2217
630
2332
7213
3129
8479
2655
256
7562
8953
1561
3452
7235
6271
8843
3018
1838
275
9065
4466
9823
5259
322
1329
4095
9382
1322
6441
8036
1389
9077
9938
3535
3220
6994
5870
2401
1487
4290
9035
3242
5969
4021
5009
4240
4352
5471
3643
9305
4709
7787
482
6534
8191
6028
3621
4076
4503
5308
3861
8287
8654
5891
1501
6780
8898
8326
5774
9524
2687
4009
1720
7297
5715
3922
8806
9846
3322
5788
7904
4391
4600
9060
9747
3618
517
6788
8510
5256
6946
4506
1443
5148
9626
5124
1182
439
8819
5770
9121
5558
7156
5047
365
8033
2993
6197
8110
5672
2433
5429
9678
7019
2928
5080
1401
8326
641
9597
8432
664
7515
4248
8903
4575
3637
4763
8665
7074
9772
419
9259
3067
4320
9953
2494
9038
6735
755
1070
1930
4329
4239
9031
187
2963
1387
9688
3161
1879
1212
4943
9968
4152
1961
9572
1405
371
5852
5010
1682
2816
597
9008
5255
2841
9466
4045
9261
8770
9646
5642
5888
1622
3436
9937
9640
3218
2769
8947
3356
6170
692
1760
8516
218
5187
4319
6633
1304
7371
2782
923
9076
2659
3187
7326
5777
9654
1744
2066
4253
2139
7957
5118
2172
2915
2736
9817
8723
2462
2911
5620
8992
2058
9078
8151
9015
7337
636
4038
1448
6749
9008
6688
1932
1283
3785
4341
2717
5482
1051
3201
4901
1278
293
8424
6527
6709
9527
2320
5002
5526
5536
4406
5788
6049
614
9614
1059
2206
4255
8922
6183
7702
8460
4070
1899
4024
2854
1422
3954
2633
2464
6797
9422
9979
6252
5203
2179
489
1609
8898
8362
9036
6138
373
8658
5645
5570
364
4066
824
4044
3609
2985
8169
6119
145
2373
4549
7102
3167
1618
359
837
8523
267
9558
9199
594
7404
9920
4317
4130
7144
5638
9713
980
9030
819
6160
343
6518
7993
4022
3173
5410
2874
2660
4324
2655
2848
4932
9867
1107
9881
7501
7710
2176
8739
9538
3657
5438
4704
5780
4501
1032
2150
9800
4905
7068
5974
2627
4913
2998
2934
546
8755
5750
1389
2775
6948
7245
2219
9517
4006
8519
8275
3644
156
9875
7798
9960
1340
9998
9836
9444
3535
6732
9649
6404
4248
8824
7562
9360
8574
6868
8675
5540
5816
3465
6359
4628
8372
9714
6891
9037
8852
5684
4263
1911
2726
2837
8722
8598
1823
4910
1593
3216
3315
8203
4011
8345
9619
7423
8164
8506
6675
7300
8372
5024
791
8640
7228
512
4537
7443
3844
6472
2858
2013
572
2897
4051
8396
2141
5552
7302
8739
9930
9660
8422
4055
9817
2555
8304
7395
9672
1029
3428
9195
2141
3689
1748
2285
7647
270
9511
5395
9594
1153
3450
1365
7107
814
7957
2860
8633
8266
5206
1505
68
1885
2604
1396
4717
4029
1905
1289
6585
4325
9684
7436
2578
4644
6627
597
4868
9570
1554
8999
369
7166
8394
9266
7058
2162
1105
840
3979
280
6145
1117
4138
6006
6104
1319
3515
9204
2348
1189
8539
111
2425
3100
8215
9925
2648
6061
928
9313
1821
2418
9133
673
7485
9719
8541
4514
5258
8261
680
7885
4893
9193
5664
6475
191
6356
9065
4452
1956
4395
9170
8741
1428
4943
5536
640
6135
2631
8646
3277
3757
1337
9522
8815
2759
2376
790
193
3749
3318
5170
4751
2557
8235
5051
5280
1525
7694
1930
6241
6477
9424
6099
8398
1180
1896
5280
5049
8917
4936
5642
7037
2421
6671
6628
3755
6204
1064
1444
9939
3398
9488
7662
7152
6373
7493
3310
490
893
6249
2402
5471
1243
5222
4546
8939
6307
9083
1085
9235
3253
6149
1409
6994
858
8201
2118
1947
1521
9149
9304
3357
753
9190
6864
8116
4346
1820
3150
7596
3676
8906
7636
4417
6627
4482
178
5090
1438
2014
7689
51
3466
7984
4286
8674
4640
4538
5134
6785
4328
714
5368
3938
1897
6669
7196
2993
1966
9349
2894
5739
8326
7669
9254
3260
2983
4505
9239
6182
5408
3474
5257
9837
7866
2207
4070
9856
1563
6791
4814
9186
6295
4931
3112
7094
2930
5305
4661
3113
263
7554
466
377
1038
461
9706
2868
5837
6877
8853
6987
4478
9549
8674
3413
5481
3316
188
8368
8574
3844
1436
7906
545
3548
5962
7485
4962
365
8737
881
1335
9913
7503
9900
1273
8359
4645
2701
7848
3763
2849
4166
7196
915
1062
5903
4153
6261
2549
9190
8573
1460
3642
7780
4634
8857
1461
1932
2475
6317
1155
125
6980
9309
7992
5975
5226
2710
2171
3898
9132
176
335
8521
29
9735
8762
4718
6031
7348
1731
6343
5134
9355
9693
5006
4678
1134
7066
3510
3505
1342
8814
5297
6689
4481
3522
6895
2855
1391
2672
7616
5309
6630
8034
859
4646
1838
8642
2247
768
3703
2797
2198
4515
5614
1289
9394
8121
5615
5359
3119
9546
9108
1015
2160
2386
2539
7520
9254
7441
5893
6360
9491
1200
5899
1854
2829
7851
2603
6865
2830
1775
4977
4661
3335
5601
6497
3170
3669
8472
9888
1016
6572
7256
7746
4339
160
3356
7213
3398
5330
7775
9309
7879
983
6711
146
4792
8677
8575
7315
941
3142
880
85
3215
8543
7003
1703
7052
7979
1381
4469
8808
2112
8959
1628
6308
1683
737
3053
2633
9735
8403
6091
6721
8864
2152
2158
2307
5494
7527
6042
8633
8629
4279
7017
7183
8641
4918
1381
5114
4151
9174
9202
803
7919
5893
5752
2367
4765
7623
1838
1212
5287
2370
945
8362
9697
9254
613
4035
5444
247
275
2040
3341
5128
4016
7850
5745
8150
8590
7698
5982
5646
139
6350
2621
5772
87
2456
3764
1425
3988
5204
5592
272
3030
2149
2335
4325
3081
2973
7315
114
9634
6656
7715
9192
3966
1395
5428
6590
8102
1495
3044
9441
9540
7612
6991
8392
7615
4419
2394
83
5842
1860
8589
3680
2924
8024
2958
4537
5776
8292
9096
4765
8444
1939
6107
4425
6374
3343
2652
515
7011
6540
1341
4051
5409
8833
4744
8383
5028
1732
2037
8657
990
6320
7626
5703
5975
5525
578
8918
1037
7389
1766
5164
484
646
7672
7265
3502
2913
2495
5097
6134
5462
2077
7209
8743
7506
9244
9635
9689
6174
2534
5295
8411
5613
1876
2264
60
9746
6158
1665
2499
2507
4114
6322
1039
7662
6064
5555
8681
1246
7473
3971
8774
2474
3623
677
7480
8322
6480
9592
6691
2935
5428
2050
7373
7310
6846
9704
7951
3217
7608
4620
3416
7538
6878
4196
5233
413
9893
8179
1483
1417
6820
9910
1204
970
7008
5661
5593
9030
8534
7924
9462
1729
7794
9660
88
3720
7884
8507
5043
3927
1090
7613
2655
3863
3456
4358
8125
3384
7292
4981
1432
5846
6846
8886
4039
875
3788
6852
2398
9201
4276
5992
2100
6578
9587
835
6528
9790
259
8757
7101
1848
6449
3367
8444
8254
8987
2251
5816
8675
1368
3389
7620
3866
8898
550
7217
7297
5551
334
7948
6184
4062
7067
9988
5244
6060
2906
5241
4789
8454
3609
5248
7128
7064
3918
9795
3465
1412
632
7237
7953
1519
8032
6995
1960
2869
6571
6806
3520
2157
1887
9589
5854
1782
31
4824
9220
6385
9925
791
8511
1225
7195
4496
2331
5709
2551
6488
3470
3742
480
2489
456
8339
8945
185
8757
3594
6201
3547
2604
3497
4555
1775
5143
2690
8425
8756
5135
8293
489
1790
8563
7632
9601
6003
4325
6594
7108
511
7985
2765
7208
1863
8731
7225
3587
9770
7284
341
9827
499
2248
5400
2151
1756
3832
2214
5693
5773
8591
5278
5944
3794
8642
6128
861
4618
7641
8012
7195
2284
565
5317
3172
3172
5021
7205
2044
7034
5625
8122
8814
1491
1226
5406
8373
6514
3652
2308
4814
6647
2953
750
5143
9959
483
6508
5684
172
3837
5630
8974
1171
1406
7467
1704
6243
4452
1418
9680
8205
9305
4798
3325
2447
7060
7278
4571
6643
175
5282
6033
2085
6097
9226
1467
7505
1383
3848
8953
7690
6787
158
9395
3480
4785
6546
6631
4649
7906
8110
9329
6727
2071
3779
5493
6090
9052
6206
2172
5941
6734
5971
729
1323
346
6
1927
3828
3636
5432
1953
1355
465
2830
8829
2863
2017
2574
5206
2025
4540
7859
4
1245
8536
1455
6922
2233
7012
160
9292
3354
53
8683
4331
1502
9306
6933
6527
8293
365
6017
8560
8337
6169
4323
5968
4684
6355
7123
7208
3736
214
8622
3374
2321
5087
7638
4368
7103
1697
1817
1072
5352
6150
2495
1723
5314
7060
653
6183
2854
8791
6086
265
7184
4128
5265
6545
9955
4218
502
8531
2185
5684
3362
3106
6760
7248
6955
4218
5296
7432
3933
8650
4993
2551
2258
7101
3082
9803
6944
2788
2956
2613
9260
2929
4333
8202
7340
7010
1480
3082
