8000
3802
2824
6657
1530
9141
3748
2422
1664
2450
557
7250
5355
3519
1184
1547
5228
3368
2804
1227
2421
1202
4056
8891
876
5525
2492
3403
8475
7751
5689
9567
8280
83
4670
4916
7436
4201
8008
9824
1826
6479
5804
6630
2639
293
5300
3161
6440
4949
8821
3400
8436
9001
5113
2152
9599
7271
6877
9791
8967
7240
3481
2652
1991
1366
6471
2981
6446
1107
1682
456
1131
5574
4813
4067
3143
401
5964
8190
959
6926
1395
7062
2333
4552
6746
4005
4482
4661
6857
1693
8514
1201
8390
196
1148
9350
1336
6664
1556
4231
8870
8371
6030
5436
2481
6330
4985
1592
8427
2416
9542
8086
419
24
9588
9026
3919
6359
9082
6644
8644
2904
5008
3542
5828
2377
7402
5463
1444
8578
3889
4233
9305
1190
1104
7060
3071
3618
4136
8253
8758
9378
8896
8977
393
5139
3661
2060
1084
6611
8522
1302
8017
5572
8340
3773
5703
4768
8965
8414
3472
551
2139
6764
7854
8835
580
7587
4793
525
2103
4246
991
6600
6322
2276
5832
4954
5420
5945
7621
2075
6103
6305
6309
4727
8340
9272
5156
621
3442
3645
1136
8682
1828
2885
8840
4528
9886
8635
5156
3231
5180
197
7323
4118
9775
4210
117
2754
3861
1247
1966
5701
2612
5993
7924
7346
6130
5644
6189
6501
7940
7722
7623
7584
5841
7224
2541
3503
2835
306
4419
3213
4121
6703
1407
5120
2731
751
9604
5327
3852
5792
460
2307
2181
8688
6881
6859
5892
3885
3672
810
7600
9081
8794
9020
3831
8793
8257
1158
4246
1724
1563
682
8100
4696
5502
5369
2587
4047
6841
4820
8948
8993
4754
6923
4495
9580
7729
4886
4508
8335
808
6610
3161
5468
1677
7842
2072
3195
9686
3511
4555
3595
3776
4555
2735
2787
8028
3799
6562
791
7975
565
8275
8470
3124
7295
7189
3824
7239
7462
9039
7109
3217
1103
8707
6121
7379
9752
7481
9252
1345
6280
1751
8261
342
7812
6047
7062
8621
9997
6677
8122
4802
9991
491
2003
7638
8629
4604
2641
4121
3104
1009
357
1431
103
3987
1315
2002
8927
446
2550
1751
7084
2461
1757
3696
4536
7544
6083
9941
2991
1287
652
64
4910
882
7324
9692
1424
9431
450
7753
2647
4054
6529
3758
1180
5020
430
3851
6670
3578
9765
3307
8966
2258
8775
2994
9771
6174
9295
4281
1393
2045
306
3731
6893
1754
8996
1402
723
4362
6759
8459
4448
2978
1070
8507
8020
3875
7391
4069
2615
6451
1671
7889
4348
5113
6936
5794
242
8709
2397
5979
7543
121
1055
5375
3560
7032
1376
8197
7524
282
4628
5988
2431
7929
6767
5633
1697
379
9081
6258
6014
28
5966
9133
3121
1127
5843
5890
3169
7809
4355
5937
1254
5154
119
5514
5716
8272
8532
1728
8886
7162
7533
5880
3014
8094
2745
2340
8697
8408
5728
7766
7832
9784
8112
9603
7400
7999
2620
5622
539
6053
3139
990
4848
8041
286
4102
9861
5814
4019
7630
2909
5151
4567
5803
8540
4295
8897
3512
6543
4111
7913
8086
9256
2045
4431
2776
5015
2533
2231
1636
4309
9655
4994
4566
1322
5524
2473
711
2622
3118
9379
1717
3356
2956
7685
5312
7811
6503
5305
689
5478
595
9191
4438
2787
9133
639
3550
6001
9534
761
5918
4226
3545
7844
5726
7576
3079
3867
915
8676
2588
8838
9385
4553
3589
5532
988
4895
4721
629
4931
5876
9017
750
2586
7981
7741
7238
8171
3370
3565
1589
7720
2935
9793
6333
7720
638
3365
3608
4348
4106
5652
977
2380
3223
9295
6478
4994
8693
8570
6555
9171
9804
4372
1682
2133
9769
5986
5606
4434
4054
3382
2640
7928
9239
8337
9376
2233
4497
1106
9589
8038
9861
5017
119
2435
1546
4781
7425
4423
9001
9159
7421
5267
3857
9449
5880
7996
491
3806
1092
7655
7769
5710
5708
656
407
1054
4626
7606
867
9875
1716
5190
1336
4961
4814
5091
678
4100
1817
5135
4158
730
2400
681
8857
8075
899
8115
1800
2054
1396
7870
5238
8985
3215
2836
6282
2604
7335
1922
3145
5307
8187
8160
9944
6494
7800
3903
6559
3127
7880
5310
6137
5416
6376
8904
8103
1118
8855
1933
6628
8446
1818
8331
4211
9962
7036
2794
7029
6495
7075
2785
5368
1166
4702
8776
3641
5030
9418
3083
4297
3931
7028
3495
9101
6821
8905
324
6015
7063
8473
6879
9266
7737
9449
515
2259
4885
9224
3156
6204
6171
2377
2775
8818
1841
9263
3793
126
1291
2504
7819
5656
5555
4368
6495
8926
7780
8230
6977
3701
3705
1739
1149
8087
9709
4359
2313
5354
9998
2229
7350
3938
6596
4303
5369
3644
392
9924
5808
1963
8114
8966
1139
7952
2227
7488
9865
8082
347
9732
3956
2077
9832
6435
3546
4742
3133
3238
160
4301
5546
3593
437
1803
2877
4151
8297
6363
8437
4593
3897
597
2511
2311
9399
3349
4336
2761
2714
1466
9261
3079
6719
6379
9785
437
443
3172
7548
7338
4094
6942
61
9320
7989
2252
1964
4694
5485
2241
782
2840
2415
9583
8086
96
1612
7675
3997
990
5238
7613
2109
4627
344
243
4352
4595
5459
8740
7376
2873
6871
4450
1914
4420
2138
681
3268
143
6552
8292
1879
9647
6823
1310
2715
8677
101
9638
7166
4915
9616
8956
1089
539
1026
105
4671
1171
4247
9883
315
3941
1549
9869
8197
1203
4727
7605
9656
1400
5709
7366
3251
8569
372
7398
226
6938
8646
7802
344
4429
2701
302
1579
7733
7889
3761
3292
6120
6587
1772
3362
1443
3013
4387
9234
1208
9393
1572
1837
35
5523
3805
182
9546
2411
9066
46
3266
1011
3372
5454
4462
2065
5413
6785
4595
9625
1135
9051
8823
67
5196
8649
999
1604
6680
9478
1928
8988
299
7704
4853
7355
5723
5717
6951
1072
7407
9093
1507
7904
6142
4981
8700
7487
3557
8245
6954
494
9079
2063
4851
6354
5567
6084
2261
8925
8225
4853
4725
9227
9022
3307
4482
2090
5078
3795
1459
4055
2808
3386
3807
673
981
4336
2571
1340
6067
2540
989
2229
6621
7820
9696
9181
6327
1095
2640
5764
2624
2962
117
387
3424
5963
1597
3077
4497
7125
5810
1091
7930
5552
555
4379
1813
9764
3565
3340
5554
8330
2338
7873
3429
5047
4594
3975
603
8358
7966
6653
5370
561
3308
6039
1542
9932
2236
6511
5407
1358
7912
8024
1592
6652
6394
8416
2611
6436
152
674
4199
1347
7547
7061
8596
1843
8030
1909
2781
4277
6609
5724
8563
9431
8972
908
3891
2466
2273
2284
3062
5890
666
6220
6215
2002
1442
9350
3185
5604
3424
9795
3878
2555
9965
2295
1692
9109
4614
1947
1857
2744
6894
8261
7952
2215
6299
9286
7164
3248
8048
3216
25
6374
9131
3713
8058
4023
469
4000
4564
8297
1799
3459
6178
3317
684
299
9810
4144
5185
9196
3901
5874
7032
8957
4803
181
4220
3512
1556
9740
2271
1919
3852
3853
2527
2508
2774
4749
808
2850
1185
9014
4947
8613
4256
1031
7563
5315
8506
6120
7920
318
7218
5449
8469
2343
1042
262
5827
1256
1664
4025
5137
2525
5123
1148
1819
3024
6462
4169
8351
4656
9834
5024
1575
4126
7411
8932
2016
1012
8729
658
3385
3346
1926
8383
5271
2502
9343
9293
7701
4487
9252
8394
3305
5455
6833
1142
4834
6578
7575
9294
4973
3263
1765
7546
1031
1938
4671
2847
3869
5395
1425
8289
2351
4703
9645
7369
3283
1440
2720
2127
4773
7516
4050
1365
1388
1511
2380
7983
616
3254
9732
3650
6632
7377
5204
3944
6072
5476
7449
1181
2231
7843
5303
8250
6726
7783
8538
9323
860
9433
2711
4239
2679
9289
4673
2556
478
6443
4903
3708
4017
383
794
9128
3138
7964
4685
863
6604
9609
7685
9139
4305
6456
4976
752
4211
3326
3762
8874
9368
2147
714
3618
368
3811
3907
2596
9058
2942
5222
3184
466
9250
8381
3923
9296
7779
6306
5666
2026
9621
5878
6995
7633
5766
7790
1879
4040
8666
4328
6952
8777
7171
7099
9979
7363
7661
9532
2577
4734
3924
189
960
3678
2403
8944
2713
549
6634
4153
8006
4403
2795
961
4498
5689
4625
6455
7780
8476
6861
8897
9961
9508
1646
640
5838
8580
7388
1409
1495
8212
4322
576
8191
3545
6358
2215
2908
7287
9749
8309
5918
7549
1600
5593
7556
6782
1885
3997
9850
784
2012
7168
5811
3021
7671
2076
7744
8391
1300
4086
410
9049
4970
323
5121
616
6926
9335
8689
9880
1833
8489
6638
4363
423
4115
4573
1972
4015
4518
6254
6138
6346
3850
9577
4872
9634
3522
5716
4001
1128
3790
7294
9184
2306
5194
5403
7102
7919
4596
2877
4397
6952
4683
187
8865
9445
5107
608
5214
377
8980
2803
2781
7948
9858
623
296
2963
3784
8254
4421
9853
7294
1431
1759
2860
217
8800
8127
719
3441
2930
1626
7784
6238
9432
6756
4638
7420
9299
4418
8001
5037
990
8813
1206
9053
6648
8610
2094
449
3795
6999
8583
6233
136
6904
3566
8292
4789
5855
7343
9619
8437
5010
4300
7830
9274
5126
5974
9058
8137
9314
2810
2708
1729
1822
3307
3023
1898
6362
8920
6945
6791
9547
1353
2227
1639
4576
8748
8400
5357
6563
5078
8589
3674
8251
5480
1302
6900
8814
3520
3178
3269
8227
5064
3276
2739
3445
2640
3163
3111
4964
5987
27
7532
8134
8984
7458
1910
715
7384
6047
1533
9774
5670
84
708
1815
2224
612
1162
3325
1617
2343
4957
153
7616
395
549
293
8648
3637
708
6004
1813
6821
1064
8715
1800
2519
1307
5037
7063
4134
6408
7508
5140
2331
2169
6411
4232
883
3841
2393
2956
3550
8899
4535
8244
2516
8990
6979
761
6098
2181
1981
1201
9458
9967
782
3164
7849
2584
6745
3742
9705
8114
2890
7220
7319
1724
778
2677
1511
1100
469
2502
2451
8220
2834
9530
4827
2303
6705
789
2582
9775
7556
5659
9398
1636
7556
4713
8778
354
1748
6303
173
3072
9810
8345
427
9760
4682
4953
5140
9408
3365
4835
7401
2268
4270
7269
4403
3790
2757
1568
4756
4964
1501
3415
165
1195
80
1331
4158
8397
5090
9632
4612
1893
5602
5336
5564
4075
4333
1578
4334
3536
1133
8759
5413
1479
5807
4537
6626
8142
4035
3535
2160
4520
6588
8713
2467
9849
5030
8893
9562
6525
5015
5316
2643
4485
2878
5573
9389
7519
8552
1643
8713
5377
1922
3445
4410
9057
217
4426
1163
5780
669
2262
5984
2433
7348
4230
2452
9809
4666
3516
6753
838
6710
8031
7439
2661
1672
3507
6323
1601
5471
288
1545
8486
2407
7250
6316
9662
2847
188
3810
8051
729
3801
8181
5170
1306
6417
9388
3720
1441
740
1384
2588
2149
3206
6442
1688
9942
7783
882
8805
3622
2029
7746
7091
3921
8193
5633
1266
2695
9459
6011
4432
7258
1931
3301
6575
9842
5853
3903
4305
2862
1880
6963
1251
5142
491
2441
3939
3292
2932
9981
48
1808
5287
392
8941
3266
631
9786
369
8786
8724
9418
7070
5332
513
8484
2331
9824
6880
5649
2160
9253
1949
2453
9982
1678
148
5185
1609
6828
1680
8792
1668
1474
2640
5935
1799
176
1832
5790
4030
5207
5378
6243
2609
6748
3151
3461
6891
5816
3054
4102
4586
9883
278
1682
4339
3456
4420
4164
463
4364
8172
7512
389
1504
8766
9819
4597
5806
151
9614
7967
617
9217
8298
8782
2965
3496
8605
5380
2925
8361
8098
930
7523
9
4495
7844
3186
2767
4776
6424
7039
8175
865
1337
3758
1268
2432
7772
5985
5001
3761
2406
4651
7877
9123
6392
4739
5441
6752
3368
4948
2374
1082
605
3137
4744
7952
7
4022
9257
6464
360
5641
6539
9334
8611
9151
3782
1123
7311
5628
7474
7417
3064
4098
6162
210
9715
6362
9613
7536
8108
7617
8458
6032
7742
6297
5959
7384
3886
1585
8534
7887
3012
8703
3525
5836
1750
8121
3864
6070
5283
5075
7221
1290
8121
674
4860
5851
4996
9295
1393
8212
8452
1608
5912
9753
5689
9376
1227
5740
7870
4711
987
4203
2703
2532
9216
598
5448
6222
9375
4926
4891
1242
7415
6793
4782
3039
3448
6546
4655
5941
4417
3454
2580
5372
5172
9545
7331
6521
6712
6431
6187
4187
1210
9350
5902
7836
2322
2296
7163
9523
8829
5087
9436
3526
7724
2601
2777
412
392
5628
4182
1872
8304
7874
7248
3010
9650
7477
4304
3704
4258
5286
8089
7650
8377
3286
6916
4763
1532
7400
2453
6075
248
6366
9321
746
6183
7455
8398
7726
6530
795
1920
9957
5524
357
8364
4798
1574
7855
7442
9906
1804
5188
4956
6800
7067
8814
3141
758
453
4007
8200
5292
9379
1421
6614
1082
9213
5743
1827
1433
505
6980
702
3879
6126
6507
8619
996
4468
5132
8959
314
6507
9822
2296
3609
1076
6882
6742
9664
3199
5660
7209
8936
1010
5649
6840
3994
4994
3916
3099
2385
9169
5195
7798
9098
3381
5623
5507
1704
5041
9473
5723
2420
9426
8215
6144
8033
6616
4309
122
4589
3567
585
700
3668
1417
5775
898
6895
521
5915
6906
9242
8159
3525
9420
3075
8219
1325
8150
3901
9952
48
745
6020
2918
5684
8954
5403
8619
9037
2294
7298
9464
1858
2165
8724
9436
6009
8937
4748
2839
1439
1443
5431
4725
7620
6354
4820
9173
4819
8298
5352
7396
3295
3885
4223
2299
1112
3272
2749
898
1325
6333
6082
3615
9228
8184
4331
1375
9269
5984
773
1248
7692
4332
2045
2633
1709
7695
3715
6534
8154
8241
157
7219
7952
4412
8360
3860
4152
2464
3033
6704
6377
4083
977
3176
1978
3433
8911
8071
3381
603
3727
2871
7496
7991
6048
2829
5461
9332
6708
7411
4728
3712
4000
7729
2361
73
387
5399
3351
6388
3604
4088
6309
6541
2995
86
1697
5227
2418
6855
6687
3423
5341
4481
9236
2905
5492
5367
6638
7031
9369
7840
3425
7483
100
7264
9484
728
5413
9317
1498
1289
8097
7072
8133
542
7869
1406
3125
8740
2121
7427
645
3151
6227
6050
7654
6950
8028
6154
686
492
8040
2960
5400
646
7567
8949
7711
8494
6304
7429
1893
3011
4437
8908
3917
3835
1106
9316
7865
4454
871
5343
4413
5424
2757
429
1874
6946
205
363
5159
3878
1236
7080
1810
821
5043
2901
5860
6094
5722
6569
3595
4294
757
6558
5073
8343
7686
2987
6993
1703
1458
9407
7370
4293
648
2999
2508
7217
5467
9852
3791
7337
4977
9916
9586
4652
9461
9731
6673
1725
6583
8485
2192
1750
115
107
4229
9926
8350
4712
7346
9033
1692
6679
3743
9506
6815
6499
9654
8615
8346
2658
1752
6745
1844
5423
989
4271
5496
4339
9913
5774
3593
4319
6842
3399
1379
4200
6765
3629
2413
8719
6016
3361
2746
5980
5874
8188
9694
3127
2679
904
1134
5554
7848
7275
3952
2342
5671
4530
5666
6409
1247
3110
4982
5113
4586
3997
2555
4408
9933
9071
1767
2483
158
4195
6464
2656
646
9478
5130
1812
6289
1016
8378
559
6145
3299
7897
9093
2867
1496
3829
3897
1689
7224
7185
5032
1894
6331
9325
8463
5161
2273
3168
729
3249
6515
5921
777
7262
4645
8022
6417
3928
5610
7635
2637
3465
7524
9028
4031
1637
1591
1094
5928
9162
8184
2431
1679
9826
8551
8750
1345
5365
1142
8061
4629
3004
1557
1315
4954
7248
28
4950
8160
9233
452
7101
6880
7379
2946
1332
7353
8402
353
665
8808
4150
4203
2931
5347
6417
7459
6418
1714
3557
7522
6225
2746
6692
7197
6392
2295
4847
4639
6206
5318
9391
312
4908
7693
2770
9442
2061
7415
8061
3483
6849
8623
9489
660
2433
9960
9992
4197
508
2198
2814
7370
1424
957
1756
2463
4677
1157
5183
7763
4339
3638
9271
5004
3540
5702
1484
1287
8451
2348
5115
3993
3955
2352
7759
40
7213
6593
6042
6831
7554
6434
3890
8434
8175
9394
57
8126
2718
4614
116
395
4680
9302
157
3922
1320
321
6196
7557
9995
2445
8368
1631
2052
5695
2819
9322
5372
5043
3148
2502
5110
9961
2438
9708
3216
1196
6734
3184
5830
8976
786
6684
9809
9079
196
2255
4557
1792
894
1697
2808
9726
1039
2881
8965
1184
8947
2750
7201
7970
6241
5662
9645
8815
223
1102
937
8288
5264
5655
4386
2422
5277
25
467
9392
1217
6647
279
777
5581
1135
4142
9090
7293
5123
8333
4759
5058
5833
3984
3089
2430
9515
5115
4680
7695
7580
7022
3426
3490
1032
9078
7740
5673
1047
2160
8915
1031
6046
7865
5535
5831
7953
754
3950
4989
4073
111
9113
3828
5534
6109
5237
5111
5313
9459
4088
4219
809
9698
2101
8681
4104
374
8022
8346
1193
2943
2789
7387
376
9513
4887
2783
5021
9302
5333
4852
2679
1726
3609
5773
3457
9485
7297
1583
2148
3546
2419
2488
7177
1096
2478
8025
6793
1414
5384
9172
6307
9457
377
6592
2377
3113
7827
8249
6823
6960
8989
4101
1408
4527
6378
9297
1831
9507
8427
9770
7304
8037
7358
4104
3185
679
7888
2741
9120
2393
7366
8331
5818
1452
5572
1082
2804
3150
6217
6361
3986
4868
8791
149
6474
8038
9474
6517
6692
3331
8309
9517
2640
4581
5259
9361
6388
4304
6544
5745
3601
6628
7173
3555
6513
7394
1594
3423
4335
9420
3179
7747
6978
7332
9914
9575
2967
3974
661
7755
6827
3346
8707
972
2354
4001
4400
3717
5479
4425
978
5762
1008
2571
4296
7680
4620
1130
8206
2897
5052
6470
5519
5659
4444
8470
1944
1760
525
4677
4613
8296
3568
4355
5642
7674
6768
7851
6544
7530
4157
389
9290
5804
7553
2098
4515
2758
6128
4229
8965
8532
2529
7345
5496
1925
3411
1757
2710
6035
9438
9285
6295
9088
680
3850
1566
7675
6688
1561
1615
5186
3194
936
9771
2690
1799
9341
4746
1993
9056
9513
67
5661
5728
4274
2027
3909
3324
5262
9223
661
7279
4331
5504
8071
8054
4107
8163
7349
9188
7309
2705
6547
8995
6679
3690
936
3816
8367
5505
1198
7489
2841
6267
1615
78
9194
1242
8591
1818
5196
401
1801
7988
5850
5347
2625
2670
8315
5500
3481
8433
4827
7707
1567
8587
4773
1450
6740
406
2477
1868
9703
9574
2425
4066
4959
6847
9344
4714
5896
5265
683
6773
4196
2289
3080
6612
4403
8773
2173
9102
9693
7115
4649
4927
9804
166
998
2320
7271
2711
6811
9216
4441
7156
7486
76
6561
2983
9159
2448
3474
246
2255
5626
1018
4218
2727
1351
7295
4494
8581
9724
3029
214
4809
7219
1341
6425
1070
4016
3720
4221
6221
3951
7257
8430
3355
9356
5144
5130
1698
7183
5586
6956
621
5010
1774
8979
1308
592
5770
398
9688
4699
5812
3846
8112
7258
4486
728
4082
3022
2344
8589
3750
4415
7961
9656
516
2583
7384
4236
8150
7115
1420
839
103
7650
1156
559
7115
2211
4585
6232
8248
7391
3903
7375
9202
3224
170
3366
7877
4765
1038
1499
6139
9475
1566
2471
4685
3185
3430
5153
7926
5336
3860
2508
3300
6557
8769
7028
3767
8341
750
1488
7420
1052
2233
612
1379
8337
8783
5127
1019
3714
4027
3147
8176
143
4093
8494
7179
7901
5078
6012
9416
9578
4175
1423
8517
3112
9673
1940
9878
4825
1343
6875
4325
3365
6615
4283
3094
8090
9928
6479
2233
496
5606
5729
4073
4151
5128
482
4433
2720
8555
9763
510
438
4319
8675
3024
6983
5935
4373
8538
3730
8158
8652
7465
5519
9181
9222
6081
4037
3673
3123
1842
7180
4833
2481
3097
6384
5445
9830
8756
7646
5369
1016
1550
4494
3401
4476
6376
8509
8872
4121
8200
7094
913
9416
8027
1021
5630
5195
7750
696
7686
807
4330
3226
80
783
9526
508
8534
9678
1062
6026
3174
1409
8041
7672
2
8399
9425
9151
1479
117
9860
3721
6346
2562
8559
4452
574
1148
6041
6422
7363
5566
1141
7709
8200
3167
1442
7281
2737
8959
3773
1769
2931
4736
8630
5383
9340
3375
1776
1825
1552
4829
1985
1677
8703
495
6489
8200
1170
9678
432
2675
1155
1468
824
458
5420
4276
1026
6754
1880
9340
6636
7471
3399
730
9064
8319
205
9744
7495
9303
409
2005
804
6679
4226
5698
5950
1836
4125
5637
7149
2803
1596
133
3190
9461
7329
6548
2873
6339
9089
8522
136
431
19
6723
2354
7732
2951
4007
8461
5076
2291
7569
9281
7932
8793
9071
801
3125
8421
5302
549
154
449
4926
7171
4481
2475
81
3805
5480
991
2780
9811
6878
4782
655
473
5547
2672
5735
5011
2412
3029
1157
4156
8911
8743
1131
4071
3431
6811
626
5180
6525
8871
1643
1620
3171
461
288
1520
646
6981
4102
51
6783
3321
9266
353
2070
858
133
5999
5877
1265
6341
6265
1140
5791
6953
482
1237
4805
2176
3878
9118
1568
4687
6412
8111
956
5269
279
6111
3353
7389
7980
5944
8267
2224
4125
299
9403
8756
6276
2801
2459
1365
9739
9263
5015
8445
2696
885
2199
2675
3847
9603
6913
4206
8127
1752
8955
837
2726
1417
9774
3316
6688
1483
9958
9548
5555
5245
5797
3176
7094
8164
56
6808
6376
3572
1506
8476
8748
1176
68
5583
6066
1679
6462
3437
625
6755
6495
4450
6849
23
631
2896
5861
5436
3406
3212
6117
672
8910
9510
5833
9428
4011
4708
6178
8424
4691
7050
4147
2165
2337
2407
6332
8982
1371
1471
9383
8820
7915
448
5435
8285
5082
6884
9982
3648
9800
6499
920
2616
553
6705
4994
3827
8249
7307
3885
941
1328
8265
1519
1550
9025
6929
2329
5964
108
3400
596
6798
499
421
2553
6575
2906
4180
287
8971
728
6724
5215
1385
3850
5006
8628
3861
5478
6322
8159
3593
1564
4864
9511
2087
2313
9919
2332
4646
3877
7901
4044
3414
9741
6884
5231
721
827
3189
6061
1793
1409
4772
4272
2920
7524
9808
868
655
9173
5485
3914
9887
9083
4496
6396
7798
8876
7254
7243
8806
2395
4769
1796
1376
1738
6561
5809
7352
177
7707
619
8389
8535
4344
3965
7815
7805
284
948
9157
1034
8192
5555
9475
8097
2511
6723
1868
1263
1098
3304
1346
208
8137
2302
8463
7521
495
1250
7798
3136
6584
3933
5659
2527
4370
5675
524
1784
7045
2090
2155
6554
4783
9710
8953
8882
9424
8897
6320
5669
16
1800
5565
665
3288
9521
3288
8964
4836
423
1313
6668
6162
2648
7465
4397
7495
8942
9050
1097
1871
2410
3300
6057
3038
1567
6661
2866
3832
4970
9588
1459
2154
6735
7595
8411
8211
7422
5566
5815
7506
6581
5084
569
3773
6735
8977
9732
8203
5034
7525
7876
1887
5094
3669
7498
9249
6249
2364
7205
9066
8672
5869
2492
60
9488
5584
5192
6045
7643
4359
671
14
3213
2619
5915
9420
3542
7352
121
3233
2738
97
5740
3096
6964
9906
146
5340
17
801
5263
7307
8233
1567
7493
460
3216
8272
2309
1322
5354
1637
9519
1628
7814
7986
4790
1235
3889
2177
2511
9887
9531
4179
1991
2014
4535
8606
4612
5490
6635
5655
7524
2718
2152
1613
5874
4589
2467
3840
5431
2639
6386
5708
1308
8560
9954
3958
4190
4647
277
2113
5067
5672
6041
3117
4024
3014
3875
5246
117
7049
1675
9156
7464
6631
4225
9244
3542
4563
2541
34
6992
3583
3508
7265
6474
4702
4567
7769
9319
3435
533
4268
7440
7727
7520
6469
6003
115
7965
1797
808
3779
6581
3035
6911
9051
585
2944
4981
6657
6770
3628
6374
3742
8438
696
1100
1018
4006
8081
1061
5443
3701
8693
9299
9946
2388
1454
7052
842
5144
9016
3906
5030
9724
657
1901
3965
2466
1436
2612
6845
6245
2097
6843
1617
5835
3429
855
952
4502
7665
1084
180
6905
8322
8679
3387
7784
2012
6055
6414
4120
9307
2310
7364
6277
8488
3430
1106
3571
9365
1607
665
2060
981
2037
5852
6663
3371
4078
6380
9498
7421
3696
3778
2438
8740
7777
8168
4769
9987
6088
8468
1953
3186
9033
5762
7908
5222
7759
445
5981
4798
6449
7114
937
2525
8263
2833
9775
3439
3957
4041
4677
5177
8294
8543
543
2338
3028
4051
5251
8504
3828
7647
2120
96
5279
8100
6701
6718
8090
5971
1622
1884
247
5924
9600
8235
7284
5319
2038
6884
1489
6293
828
8394
9248
1
6889
6878
9925
8865
3969
3693
2925
4947
9328
9994
9274
3790
2419
9284
9324
8550
1201
739
3900
1691
6311
4485
466
1199
5872
8767
6710
2210
147
3666
6515
7452
4790
8444
1304
5622
3025
4152
4248
6005
7933
8467
1585
6644
2364
4316
537
9837
6114
2615
1797
6675
6544
7565
8676
9519
2369
3764
8007
309
4974
5543
3684
3907
5900
6114
8352
7462
1589
1580
3865
9896
8052
5328
3062
3658
2682
7754
1606
4441
3245
5819
885
5168
4896
8009
6381
3931
7486
6470
8633
3507
1728
8364
2965
7786
4574
8290
9809
4949
8978
9837
8580
5345
808
1205
3613
6259
385
2530
5541
7616
6375
6100
7217
1942
5723
5436
691
9877
4634
2507
1551
2862
2814
3076
6939
3862
6241
4288
9296
4838
7500
8959
8398
7923
1149
9494
1979
9237
2359
3257
508
8502
4947
2245
460
4025
9061
3482
5273
4500
7641
1300
8526
43
9132
6950
2523
6090
3095
418
3537
2959
8662
2182
2073
7362
4392
8198
2676
9426
7774
1073
4029
7118
3222
4387
6699
2908
817
1608
3939
393
3760
2376
4026
5742
5966
7315
6279
4155
6503
1305
7767
1395
9158
6854
3114
6675
7627
9705
6523
5728
3852
2624
6622
444
7602
2930
7441
213
4468
8872
4516
3850
4210
7785
661
7755
9608
1984
197
9196
6722
7484
7574
9653
8318
8484
7110
1513
9452
8693
8469
5233
8675
1897
4225
7781
3405
7478
4211
950
6211
5408
498
1547
435
5468
2966
549
3581
3570
9623
6897
2045
6461
7924
2026
8179
2323
4911
8505
3487
7148
9941
5274
999
7953
3580
6140
7227
4626
2053
6596
1615
8691
4048
9822
5879
4980
9183
9778
1138
6012
3555
2463
3501
8161
3074
823
1368
1607
9034
5718
8582
99
4720
5103
9822
9290
1809
2085
382
9274
9434
7652
5743
5621
4770
3354
8067
9686
9508
2997
3707
418
3435
1193
4373
2092
4631
4718
8771
6164
1324
5748
9991
4941
9465
2676
7290
3977
6374
1845
8076
9396
2726
8712
165
9402
3612
1952
9978
4022
4234
3441
8316
9464
3365
4468
2586
9825
4132
9460
4198
3086
3831
808
7221
527
9525
4717
5968
7363
5453
8815
2344
6210
7774
4789
742
5878
5234
8390
2416
6279
2805
4475
1912
2994
2468
515
3311
5429
2016
3693
5190
5065
961
1509
1093
5261
1159
4590
9444
1899
1532
7448
3430
2281
8870
4735
3254
2910
6328
2720
9450
5646
2776
8168
3716
3940
9611
1530
920
8636
988
7949
4471
9850
2124
5760
8297
9546
116
1563
1754
85
5286
8179
3995
5020
7649
2393
5193
6372
3474
5729
8491
7343
6168
5354
8116
8147
7584
5454
6441
425
4959
2535
5645
1956
5662
412
8935
7243
2847
711
8389
3989
5502
6981
7290
0
5491
7305
2706
3790
9524
9709
7911
7677
5592
2534
5596
7345
8550
4226
1782
7697
2379
9409
4139
8202
8682
7613
7778
6068
1373
9624
714
591
2954
5009
4519
4137
5154
9746
3703
6479
7763
9433
3890
1533
6012
7552
8800
3204
8272
219
1220
6839
5956
7406
6982
4562
6403
3912
6751
5928
1730
8448
77
2888
1117
8283
630
9626
9551
3431
2458
1899
6481
4904
1153
2611
8986
348
7443
879
548
5628
8710
1664
4207
8065
3234
2368
9183
9473
2081
8220
6065
2277
5330
1282
6379
2056
7532
5048
6816
7966
384
8294
259
670
231
3394
3475
6014
3898
8358
2293
857
2593
9424
1952
6448
1363
7590
7281
9226
9836
2931
7374
7689
4636
8979
4152
7099
3980
6279
57
7193
8300
5893
2733
560
1320
5983
1854
345
5737
5054
3431
4103
455
9435
9130
7949
1052
8537
6012
4009
3556
7651
7886
5281
2449
5774
4471
3257
9115
8218
9613
3645
5812
6618
1475
1681
7369
7246
1532
7571
7188
4553
2718
2634
8814
596
3969
8477
67
5806
1350
6466
4734
8974
1973
1889
6307
8679
9854
6805
5499
7270
8129
7951
4890
6843
7882
326
9292
4834
964
6927
4846
2973
4030
676
4842
7872
5290
500
3658
9704
4146
3288
8909
9336
9878
6909
6919
5410
8176
6963
6754
1807
6489
7041
9619
4187
244
2418
7592
9280
8439
2480
3117
4989
5755
6427
6301
498
2121
2454
2805
8043
9268
6687
3925
3671
5157
4665
4416
6467
4033
7032
9971
3512
6088
4744
3794
5342
7238
2346
4334
2491
796
3435
8499
4653
9705
3651
2845
6319
9489
5911
9466
1531
656
4092
4619
7708
1992
1817
9780
2095
4309
4679
4739
1174
82
7400
2925
4424
6357
2688
3428
5033
3029
7813
7252
241
2316
8879
6333
6091
711
5163
7947
5756
4122
5314
6833
2590
1616
4465
4197
6761
9520
9685
468
6301
2988
4564
3142
9645
3699
443
9244
1563
6054
7424
2854
237
776
6851
8865
3913
446
9974
1406
3603
2294
6869
2589
5583
3219
2996
5480
1220
7478
7061
7628
1184
8185
7570
9922
386
8710
6972
1901
3304
9028
817
7643
645
9553
3316
5374
9390
5067
8044
7301
4258
1896
250
1747
3460
4901
6632
5937
9526
7323
2219
1871
4196
3774
8581
2901
1898
1216
6218
6296
9602
627
9404
5209
5198
6571
3365
3799
7806
2033
7120
7028
6175
1412
4645
3877
8465
8153
4767
6483
4434
340
5292
2879
6716
1055
1152
1315
6504
2471
9334
9571
46
6774
4133
6146
5131
8714
7130
7248
1085
2933
2104
3569
6749
958
776
7705
6809
4164
847
8564
6813
4915
4539
5298
9869
8399
6697
6479
802
3901
1238
4209
7567
8273
879
7130
911
7922
1960
2670
414
122
6390
7902
8656
9962
4730
9682
8001
9178
6554
8662
1689
9101
8093
3435
4907
7875
4338
3134
9356
2696
9117
4966
4923
9353
3680
6199
833
8503
2771
5283
3301
9605
1983
7904
1020
4220
5596
3781
3052
4381
421
9678
1948
966
8565
3455
9626
1854
4784
4996
616
5914
16
7799
5555
3410
3035
3099
8850
446
5357
1286
408
4937
4535
6139
2773
8056
9460
549
8111
4852
9460
9487
6777
9250
327
8528
4781
2244
3127
4709
3115
9673
386
9095
2558
6959
4755
1387
103
3001
2348
9016
5993
8315
4579
4595
8960
450
854
4550
494
9377
1563
7311
9652
6406
5192
9588
3017
4298
6475
709
4698
6856
2136
8538
2958
9029
238
6411
4869
5213
5764
5694
4492
3375
981
1019
176
734
1492
7420
269
5688
2814
784
4721
6532
9947
5391
7665
1284
5104
247
7560
4362
7685
6052
6328
4039
7278
8687
9246
4958
456
7213
7879
840
4929
440
3192
3792
4
3900
5999
4814
8145
9079
2596
4625
277
7363
539
85
7626
6752
1736
9013
8941
2378
4255
250
5144
2346
4280
1153
1324
7961
2924
7642
3693
990
4590
5645
3658
4424
1448
8951
5271
5912
5617
7202
1257
7286
4056
1186
6717
1332
7104
2860
821
6303
4136
3585
5472
8849
5462
1896
4245
996
3711
4298
3836
2209
8405
5015
7305
4215
7518
9398
1846
2119
2397
2473
9643
5291
8719
3359
4525
8743
2068
9986
1136
8487
5591
5009
7546
5896
668
9305
2534
2852
7702
7644
6914
5765
3138
3395
677
4458
1235
1663
480
9879
8314
4475
1792
3398
4098
4494
7693
5740
9814
8125
5283
9927
1328
3405
6698
531
6590
5814
772
1388
7043
8995
7458
6893
2647
6501
3971
1879
7532
9688
9691
2173
9758
5933
9724
8428
9638
790
179
936
316
816
1761
6194
3206
2954
1428
9462
81
5285
4162
32
4378
1444
7906
5550
9370
7058
1654
8385
652
4530
2713
109
3372
8721
7409
5984
8974
7481
2033
9999
2728
7215
7902
6316
4637
5884
4844
3444
695
3816
5252
6965
6608
3394
404
44
350
8028
6323
7468
7400
5827
7775
4539
5529
4829
9797
4630
5951
9819
6108
469
704
8670
1967
5545
9131
9846
101
6994
1670
4421
9839
4334
7609
1233
1917
1323
7350
5289
4557
5149
3796
3119
9761
4730
4919
2212
4636
5731
8621
1953
4249
30
2695
5777
7207
2894
6930
7836
8277
2420
4929
8702
3878
6879
9977
135
5265
2446
5449
3579
1881
6726
4387
8185
7923
384
9019
1145
809
778
6828
4159
5050
2637
2465
8556
8651
5134
5095
4627
494
8926
9116
8745
6750
3420
2899
3861
8052
8715
4632
6360
4185
4558
4026
6310
2281
7055
1786
1010
3936
6143
5887
808
2996
2695
5411
8867
94
5693
2029
3039
2230
1571
4235
5064
250
3978
5404
3778
4826
6628
4472
9890
1092
6102
5133
4905
7831
8572
6295
2849
6726
3558
8442
208
9979
1552
7919
4186
2869
4480
6393
5651
5647
3544
3091
7601
1102
3532
328
384
647
9037
1806
8511
3883
4756
5535
2951
273
2858
8486
2492
9294
724
6067
5308
4675
4748
5243
3621
4818
3546
2223
9315
9518
993
7446
5351
3663
7766
3658
7699
7071
764
7836
3201
5380
1083
8149
7668
3066
1103
4907
390
6940
2108
7148
3440
9583
1710
7817
3400
1996
3679
6674
4980
9879
9282
42
6462
2752
5325
7
8416
1430
6883
9192
7694
6275
2239
419
8482
600
3981
2634
947
1541
5538
4649
8815
7941
7020
3391
2839
7732
3187
6679
8426
8398
6399
1458
489
6422
7587
8050
3658
2863
7016
3813
4217
7867
3556
1820
5528
7277
5817
9415
5990
7693
9674
9088
4878
8168
1416
8544
8022
8208
7611
930
88
5815
9675
6354
3006
1684
495
8448
4454
6368
7564
8087
4213
2208
6559
3957
7064
3535
5671
6935
6789
2470
2809
6915
9536
5483
2486
7777
2186
3508
7978
5366
2147
1462
2235
1854
7776
3006
3762
8085
6872
3595
5494
7059
5736
9591
6435
5074
7094
9664
5546
7949
1971
1703
786
6950
4714
9299
6172
9284
5701
1523
2820
9400
8222
5023
3827
9898
5875
809
3090
6789
7107
4246
3705
4811
9589
7907
4053
8918
9079
6565
119
6541
2228
5393
7065
6559
1487
7653
6876
6543
8300
7345
6718
9291
4926
5317
4903
9851
2379
4745
8002
7667
1051
5283
2536
6293
5791
3944
1079
3558
9839
6066
754
3195
3628
1418
4739
9648
6020
4835
6636
7396
6179
6451
9082
6853
9798
5918
1434
611
7164
8736
2550
2628
293
6151
9096
132
9612
7499
2479
2662
5089
6411
8335
6507
8655
2022
6915
3469
3660
530
8430
2601
1471
7020
5007
712
9083
4012
402
3800
7994
2564
3666
4219
709
9926
2845
4652
751
9183
7393
6729
6802
964
5922
9841
3969
3175
5533
7244
9372
5798
3830
3761
1186
6864
6222
9256
3777
9877
2241
1981
6649
1689
7659
5485
2894
1412
7114
9601
204
1993
7519
5972
5157
9249
7390
978
486
1203
7605
527
4567
3267
9514
3424
2865
2324
6829
7082
3755
3243
3964
662
6525
9842
8004
5070
8965
7653
7829
7
279
1980
7535
314
9487
4982
3193
9280
1122
6862
9888
570
6498
5117
8924
9979
8065
828
6558
5826
1933
5555
1126
743
570
9043
5058
465
3773
7021
5456
338
532
8221
9236
1985
8275
9958
4933
1521
5321
7627
6385
3202
3233
7975
1857
1060
9844
826
5032
9444
3804
6545
3173
277
6916
6977
583
156
1675
847
7680
5383
8615
2703
5138
2522
4629
471
5990
2392
8543
4606
7116
3515
2135
7495
9325
1889
2432
932
5436
1987
8764
7641
3035
3842
5919
7071
3257
128
1362
9041
6377
9545
692
1398
4862
1436
6219
9579
3794
2729
424
1436
4182
2777
3800
3359
804
8341
6903
894
5552
9012
9648
4975
9293
1364
9359
9713
2763
5764
9767
7301
2478
4747
7711
5255
9083
2921
8919
1783
7195
4313
3304
4025
8146
8927
8681
2213
4873
8596
4447
11
7255
6890
8524
6647
4350
1710
7400
3468
8386
8090
1453
4801
7845
4868
9356
9541
9917
1526
1149
8272
6439
7786
6595
8759
1844
5874
2814
8315
6017
594
106
8335
5253
7515
7989
2292
5988
6676
5950
8244
3489
4470
4249
6039
7856
3365
3039
1476
5352
4934
5698
5384
935
9042
830
9676
5328
7318
5290
1174
7520
1459
590
4239
8767
6440
8719
1372
7889
698
6246
8459
9084
14
4958
6940
68
8387
8684
7849
4577
2991
1289
3652
5042
5892
9179
4092
8235
8558
6594
5499
6746
3803
3374
9486
680
6424
2525
9298
4234
9061
4018
3703
1399
9764
7665
5940
3460
3651
5847
6456
7227
194
3399
7352
9883
5091
3247
1785
3288
9999
6105
2588
2995
351
8109
9729
2340
3453
2612
4985
2451
2775
8999
8444
1367
1740
1174
6611
5766
8807
5684
6708
1083
4438
6704
8280
7765
9654
9166
1706
59
3228
6692
8638
574
9906
2977
6027
3127
1820
7447
2598
976
6550
7657
45
7039
6044
8224
5277
4908
9109
7144
8401
1667
157
8535
8151
2517
9214
2301
2224
5145
554
3062
1780
544
8120
3213
6512
1078
4392
5483
9310
2340
1540
7213
5150
8995
3046
3715
7462
2171
4560
4357
7075
3001
2188
448
7115
655
688
4270
8913
5429
3597
8148
2388
8749
5829
2948
1653
2868
8278
2675
771
7749
1191
9237
4116
9495
3182
4836
2978
4071
5660
1776
7535
384
8630
1488
1831
358
9281
342
4113
2355
6152
5009
8465
9001
2317
9100
8845
7557
3114
4372
6378
1445
99
9943
7586
9216
6650
1015
660
9475
3229
1581
2073
3389
3600
8875
9534
8448
2483
7258
7539
2807
2465
7714
6062
4999
7908
6808
3309
3342
5431
8241
7655
1160
8666
7349
9357
6785
5644
6719
4578
3797
1992
3297
1444
6290
7918
5796
7206
4351
4428
3308
4219
1942
8953
1386
1265
8476
7839
8684
72
770
2131
8863
4541
2820
9841
3381
9368
8606
2856
5025
5294
7359
128
2030
9604
7765
4275
5551
7665
8296
4175
8850
7118
4515
2167
286
5308
5260
9104
7500
5090
9909
975
3234
7634
5099
5293
4601
8647
4316
2516
1200
5310
5430
9880
9865
9437
8154
9525
2114
6180
4863
2464
4478
3439
3570
1133
7762
1269
955
9533
2684
2864
3035
1010
3596
5497
9058
5553
7879
607
6990
4977
3536
2388
7965
5894
2231
356
4099
5909
7854
2115
3335
4292
7878
2786
5736
6880
4361
4830
3853
8889
2832
8597
4921
4590
116
757
6685
6769
4689
2531
744
3862
9607
3285
3594
8253
2826
8781
9814
9418
8506
4866
8005
9949
3741
3724
4007
8115
6743
8380
981
7608
2284
7798
530
5687
4524
332
992
9665
4941
712
510
8501
6119
6309
6143
6897
6360
2251
9366
7078
7
6597
1757
3649
9654
3009
8901
6779
1233
8371
2328
7695
1700
8662
2890
8995
1848
8896
1246
2405
253
6593
7317
3523
7844
8056
2705
8039
4307
9122
8424
5965
3404
8320
2051
4259
4119
8627
8854
9884
2635
5879
4554
4768
9996
9065
1206
580
7710
9319
7181
129
6887
5746
6560
4692
2851
9666
8708
1009
8481
5671
3246
7509
9739
71
5035
4567
9715
4696
876
5689
2280
5964
9231
9569
4056
4580
6441
4878
2623
6339
1855
6634
5294
7856
9203
9995
1399
1975
5467
7109
5860
5005
6430
1616
1368
3485
8280
9953
1917
9220
5053
631
3228
4821
6106
2501
7788
8394
5255
8775
8353
729
9848
3666
6614
350
3139
4285
7493
8298
7452
6182
8402
7032
3675
690
1256
5896
2463
3701
1307
7354
2813
8010
2685
200
768
4800
1788
7664
8708
6481
8568
3181
8830
4127
6738
8577
9363
109
9504
1521
3913
1544
1534
5773
1642
8065
8814
7514
7332
9015
2368
5646
9982
5541
9932
8664
6518
8278
7884
5417
261
3264
2359
9619
7139
4644
9080
2332
4663
3857
8045
2591
9287
5343
3851
5839
1550
9023
6431
7561
3787
1324
5552
21
1862
77
3248
2600
6045
3451
4976
1594
301
6458
7603
575
6636
9477
7739
2579
8995
6330
9264
2247
6074
4159
7391
7203
91
3408
655
6183
8360
935
7950
6626
2136
374
5034
3134
1916
1779
6364
8822
3616
8017
5295
356
8989
5559
5599
1819
8684
4047
9036
638
4725
5853
5453
5484
9861
4601
4193
6137
5694
2332
5216
6298
6504
2435
9585
3596
8613
3459
7301
849
7987
2473
9264
8520
4266
8732
4712
8168
3237
8610
7989
9225
5197
8540
57
9582
7921
9134
1497
1331
1666
9231
8569
9184
3803
1961
5414
1735
5278
1214
4029
7600
5720
4679
377
4525
5799
3146
3498
6860
8930
4104
9312
8682
3494
9871
9782
366
6578
787
2588
1353
8968
5460
3053
2168
2788
7612
5760
1539
4472
9639
7769
9238
3478
1999
3551
8473
7479
9012
2457
3581
7896
5268
9153
2870
948
8444
7114
7520
2428
859
5870
3807
2388
7007
8992
919
1815
7727
9873
1092
2586
2308
3582
5911
5166
1829
3718
5150
3423
6222
2232
2511
201
987
3451
6913
251
1046
7112
2982
6548
5627
3650
873
3977
8005
2934
1088
1480
4215
1661
8158
4503
6313
8894
4744
1238
732
5408
257
8435
5516
4782
6197
8860
3969
1955
5806
5982
7314
1124
1607
6716
2679
9485
2730
3196
5304
3555
6024
3804
8952
6425
37
4370
3624
5022
620
8352
6201
6020
1959
4486
5378
5820
8259
5938
330
428
9971
9314
1298
6290
7460
5258
786
3634
2376
9777
9566
827
2690
3430
5589
5752
5740
7936
838
5651
696
1795
5568
7156
3666
7870
260
6039
1694
7009
1721
7339
2275
2491
9500
2790
5587
5266
7841
342
9318
1564
4122
1778
2210
5370
1171
8751
5961
7333
9256
1951
5279
960
8356
6004
2023
6141
8999
8883
6233
2235
3714
5091
8225
4909
9330
2420
8471
1622
2199
5116
8183
9537
4000
5052
6045
301
325
8738
2655
9317
1713
5480
4326
4077
5786
7497
5433
1960
7262
9924
488
2151
379
5737
6819
5196
3354
7616
8901
2172
4921
5465
8912
7939
8949
7598
6662
9922
6561
8020
6545
4067
9621
5136
5840
7629
6549
5687
3070
6851
8428
1854
5856
4534
4166
9472
1851
5019
999
862
2000
8151
7179
7296
6454
4167
8635
6378
3842
5405
7209
2730
4116
148
8520
9069
6113
5140
6906
4017
9017
913
8503
9189
9669
2462
3880
9373
3759
3359
6173
1842
7437
9484
4913
6534
9339
1185
9016
1397
2900
4962
6161
8455
5229
2860
3150
642
110
663
7053
3868
4189
9623
8515
4253
7529
7922
660
675
3937
2508
9649
4976
671
9214
4190
6270
9524
6869
2639
5507
176
7206
2142
7679
7646
2271
9020
1234
8282
3385
50
4827
3392
4010
4594
2619
2067
7542
159
71
8518
3718
4517
6460
7082
1857
7335
3853
1109
5878
243
7417
8683
6460
4900
6392
8412
6528
4436
5219
1642
4238
668
1347
9204
2379
1897
6305
5460
239
973
4013
4626
4448
9247
2762
7155
6553
9887
5271
3154
7641
3467
5945
2904
3736
2215
6835
9435
5797
1868
5416
4209
8218
1264
1127
1007
9073
3501
5620
9202
6032
6561
3384
9865
9855
4626
7551
3469
1179
9147
287
7598
4979
8024
5720
9164
7903
5770
1319
8159
4048
1399
5316
3715
3170
8513
3532
2723
5710
4081
4041
4112
3261
9776
8124
511
7767
194
77
509
9497
6255
1353
3167
4245
2463
4123
554
8868
7970
4997
8795
8902
6473
7197
8741
1577
1764
7029
7461
6632
2089
914
1235
6843
8990
4574
5767
8716
7267
3065
998
9402
9983
3274
7080
2598
1045
2372
5670
1899
1138
1348
9461
5674
6070
4294
8698
707
4013
2071
3577
609
5897
7205
8270
8572
6014
1826
7895
6754
1449
7336
6812
6767
4878
7462
4636
1240
7724
568
9205
312
9423
390
6352
290
5651
1571
7542
3877
2735
293
8579
1213
5733
5412
6198
1302
7381
2683
5698
7212
5385
524
7236
5934
6528
2480
7424
2144
490
524
6219
3760
7805
9599
2879
8288
4530
4200
207
2770
4159
2804
5399
3458
402
7124
7662
9629
4710
926
4011
5119
53
1722
33
4858
1307
3645
6697
7234
7874
2674
282
5014
975
7444
7608
4457
9193
1928
6534
62
1985
9383
1913
2738
5330
7322
1898
7155
4791
7518
2775
3391
3603
87
9048
9591
1345
6336
9961
9970
8392
1472
584
6814
2027
3384
9981
8689
6811
217
6993
1213
8729
8403
5532
994
7163
7385
5199
2158
9690
6080
4811
7088
8726
1253
1788
2618
3047
3646
8149
4932
401
4984
1145
3564
5602
5904
5667
8684
9164
8206
4003
9268
7738
6972
1990
582
6976
7556
4144
8881
1987
3655
4249
2037
2162
426
5297
2277
6368
570
3297
1691
415
6624
9936
8629
4507
6064
6990
2525
4064
7915
4225
5302
9720
3557
137
8066
981
8929
8018
6289
2743
8728
2598
1283
8971
568
9436
4159
4801
5241
5857
9260
9016
7435
2817
8236
3480
6379
274
1881
6235
4052
4574
4455
5353
3410
6347
2201
7966
418
472
1632
8362
5606
7350
8606
7302
7269
3856
57
6254
2110
761
4955
7919
8620
81
38
1837
6165
5571
7652
3937
5869
2846
444
639
8488
7630
8065
9760
1613
6598
5940
8176
6998
6461
3642
4149
6819
9554
1609
42
5006
9469
1947
7464
9225
8755
6517
6112
1267
1413
3538
4103
7738
1254
2952
5646
1931
2599
7260
9245
3317
4785
1617
4700
5531
7006
6651
8910
1096
4245
5954
4650
9308
4288
4882
7975
3237
6571
1295
6019
5657
9244
294
3216
143
793
2431
5868
7854
202
4271
6939
6669
6684
1961
963
2650
6319
6772
756
1878
5021
8904
6322
9533
696
1474
6000
3475
8990
5559
6779
3898
3819
7909
3056
6561
9468
2501
3435
2182
3595
6189
4173
5499
1964
9154
2264
7398
6227
6282
5435
1155
9295
1903
1125
6853
5447
5824
3607
9625
2480
3874
2187
9947
9640
227
427
1570
7826
2463
2719
4198
846
6699
7543
3602
1172
8751
5953
2452
2477
1041
6967
4514
2207
5548
8664
3911
4451
5824
7025
9274
3428
8355
7432
9519
2405
1140
9861
5927
4575
928
7678
8195
1719
7086
909
8774
7033
8053
4687
1112
8339
9773
1468
390
4079
3378
6559
3223
7502
517
225
8634
8030
8446
86
4331
3800
5116
3955
1924
6808
1452
8041
5024
3994
7032
9603
3659
6557
4630
9609
7765
5959
8465
5743
4421
2581
5750
8461
5578
5357
1557
7851
7213
9570
951
9080
5314
4947
3758
2215
173
2193
1176
903
8210
3162
1501
6654
9829
5239
8728
6993
4847
7438
2787
9074
4930
3045
5866
5543
132
2852
3666
8499
2039
4789
258
1731
409
9547
5759
7415
4919
8476
9574
9386
9964
717
8227
4864
7608
3000
2174
1036
5979
1772
9269
7899
8113
786
4948
9632
8280
3415
7441
3693
5964
5883
5044
5099
9571
2036
4899
2342
6180
9423
4685
2119
2707
6757
460
2799
9127
3046
9405
3901
8301
8805
7212
1789
7189
3472
5912
1710
6394
2330
8325
1805
3632
2534
3537
6467
2469
18
9422
7704
6905
4542
510
9794
4138
7544
1277
4734
1848
2597
9464
5545
1928
9181
9355
9740
180
2660
8072
2050
2335
9633
5348
1320
5175
7693
7835
7088
9875
2537
3108
433
4123
6060
959
9822
4166
72
6666
9105
6942
40
3763
4324
4961
2936
6920
1292
8129
9025
4826
7491
3659
4463
4960
8096
7573
7969
1384
5989
3024
5453
4200
2197
1452
7933
6594
4432
795
3482
8406
7276
5437
2211
4002
2914
2907
7738
1525
5250
6416
3243
9649
5875
9473
810
2062
5627
8334
488
7387
3528
7744
4418
1439
8313
1154
9398
1822
8619
5164
3714
4919
8916
3946
795
6666
5958
4475
4135
4311
528
6645
439
