800
1949
5395
1932
5070
8337
150
5838
3337
9717
4018
4787
9503
2680
3525
1349
7819
529
4129
7965
9133
8228
7601
2292
7778
5008
2425
5927
6830
3061
4318
83
3785
1187
8815
64
6643
957
7439
5499
421
7245
8112
6827
8886
9841
9454
4340
7702
1987
2117
3178
299
6550
4703
4589
2181
5708
3038
3011
2272
1604
3123
2372
4054
6097
7912
3759
1502
534
4032
4425
5877
5790
4393
3893
6087
6616
779
4975
3338
3455
2864
3283
2104
1975
6016
7051
3175
2563
3335
6917
8134
164
7237
1506
4790
1340
1939
3467
3186
7873
4861
3583
2029
9532
32
3287
3959
9761
7745
7066
6683
6906
7063
7548
3496
108
7702
577
6938
4970
8249
9392
7412
6312
6379
8978
8541
8696
7122
3418
7396
2144
4361
6350
2161
5245
2537
4100
953
7569
7603
7704
8077
3783
4908
729
9472
1047
8085
292
2035
5589
1830
4647
8095
8404
2423
2008
527
1832
1979
9198
71
5609
3289
5293
9428
3316
6520
8911
8050
1579
5302
7918
7028
4796
2389
6766
1923
7839
7123
7223
2742
4808
4772
5776
4075
6045
3086
8791
591
2674
6449
6669
6399
8672
7313
5150
6348
292
4529
382
6469
8547
9326
6895
2611
2907
677
7423
3270
1573
9506
3598
7383
5063
5702
2510
8010
8070
6388
3635
3923
5784
2472
4026
5409
7655
20
8597
2091
3954
6345
8340
8374
8957
2062
6320
8960
9849
2208
528
1996
255
2966
6287
8218
8469
3872
5797
7026
2451
9612
3937
2237
5983
5556
9784
1025
1156
1095
119
9415
6257
7618
5
7546
254
9915
4500
4957
1370
7034
8566
970
3376
1973
7499
9043
3239
7510
1832
231
6552
683
2580
3731
7627
2249
5677
3169
4650
7278
8056
8450
5159
6162
1525
6564
3913
1593
5200
8080
7761
456
8627
9554
252
3921
2697
7046
6369
8028
1149
8252
4714
1332
5697
1735
4543
1564
1820
1687
3549
7548
4763
9313
1606
9468
3591
3144
6419
1547
2615
4203
4068
9980
5548
3915
5959
4366
7642
4262
7687
8007
8919
949
3356
3756
3276
2142
560
6639
5976
4903
6402
9206
484
3336
819
6100
257
155
302
1590
1054
5331
981
7212
8165
7462
5494
5697
3477
4105
172
9753
4906
5254
834
4343
5000
3996
1634
4952
2263
8292
1948
4655
2504
1227
626
9262
758
2209
976
4142
1704
3164
3657
6363
6867
9498
4588
2958
9180
4785
8118
4808
5578
9429
4817
72
6234
7093
457
650
4892
9554
9151
2605
1659
7278
3143
4366
2906
2156
8220
7990
1274
7882
276
397
8040
8584
7118
7705
2995
9700
4135
9431
6683
1091
7931
3749
1125
989
7129
2601
9595
6502
1904
8210
608
4965
8917
5001
5713
8755
4279
7699
2439
5601
4873
150
5225
470
3502
8069
1119
7412
484
2106
2577
4374
1878
6495
318
9944
4197
4697
3608
1475
3057
3986
8396
4004
9954
194
5471
9767
7555
6344
5092
7269
862
5674
7979
6151
2178
5095
67
2118
4656
1365
2368
3553
8054
2733
376
6698
3170
9039
3463
2093
4073
4258
2306
7038
4256
1020
1064
1518
1158
955
3989
7178
8821
5966
3920
832
3821
9747
5236
3838
8337
7645
1052
4041
6637
3233
4167
5831
5396
8669
3100
4889
8585
4838
599
5081
8307
7565
848
4956
4212
4110
9085
4803
3090
4564
7550
2212
6884
8076
5974
5440
6153
8036
2873
5265
6657
7136
2961
1234
5359
489
4251
8107
9702
9890
654
2583
2961
4409
5243
6275
3551
6357
6736
8966
9115
834
1303
8728
5882
4359
5900
5744
509
9664
7787
7262
6406
7453
2184
9649
103
7718
8216
1845
3925
9561
4348
4781
2668
1746
8062
410
893
1141
883
8837
6754
2523
7025
5231
3571
4967
2442
3922
7024
2436
6631
98
1182
941
9840
1142
2015
7944
6135
1966
2570
208
9780
3856
825
2461
8139
3666
6737
1490
1450
5638
5293
5891
5214
6861
9779
3985
7158
5513
2536
1108
2095
5252
9503
9700
2238
934
3276
8963
2540
2151
8743
3498
1179
9250
3996
4831
6999
7345
6096
6512
8264
4699
2654
1583
1860
4007
8463
4153
8785
5275
2759
5092
6520
5094
6764
4437
1429
870
2594
7500
1995
9862
6418
940
6916
9384
6713
6459
7638
6987
9196
6818
8418
7273
3481
6305
2102
1808
8713
1187
5329
8683
1570
5689
4678
5404
2777
277
9018
8840
5493
4645
1592
9502
7886
2698
5700
7654
2451
3157
9469
1523
3067
7181
1979
6484
3316
2959
3495
3452
4120
6258
3466
9580
5485
2821
542
8698
283
6120
3568
1249
6072
9844
5719
2996
3183
8184
1823
640
720
817
8846
8189
5265
7988
1144
2896
4337
7515
5037
1664
7709
7387
6031
3651
9628
6622
1874
6805
8405
6545
1676
5317
