2000
1387
6784
2333
2205
2112
4919
1060
4556
7665
1755
5427
7915
7636
5921
4332
3464
5995
8371
9527
8693
5897
3979
9519
8247
9505
3537
8034
3153
634
4527
1036
1288
7136
7853
8045
2707
532
7085
5942
2850
995
5749
2708
8775
2179
6693
8995
8101
7450
740
7507
1491
6761
6524
2760
4973
8678
3806
8283
7528
471
8835
7742
4704
4890
672
5661
6304
5890
5636
9248
8988
411
1090
1981
2094
9087
2838
4794
5804
8561
9654
4192
8387
3510
5414
4171
8690
1923
2920
94
8085
8050
7982
4739
8907
6238
5869
4688
4983
862
7296
1829
1520
9711
5206
4162
6885
89
6697
6022
9713
5395
732
6930
4278
5651
7408
3915
6266
5485
5683
6606
4267
8285
8693
7742
9615
7584
1816
5146
9196
3164
9076
9930
9393
497
1877
2327
4911
8839
6498
3610
344
1846
7994
3132
8850
7700
3116
6349
56
4056
115
8289
3422
7934
4844
8132
7774
2212
6038
7854
3188
609
341
6674
5234
2901
3059
3072
833
2716
2692
7659
1493
2460
2276
7892
5915
7613
7503
597
6033
936
7692
7658
4674
1896
6471
2233
718
3933
2378
498
8466
8240
2791
2594
8312
1585
3749
7346
4254
2988
2452
8108
7435
5066
1726
3133
180
3491
3116
3782
618
7905
2819
9916
7373
927
553
1536
113
1313
1288
473
9259
1950
7613
8909
2520
471
4413
815
1034
7979
2950
1730
7152
291
4445
6091
5025
9561
5737
9812
2629
6758
2794
9453
2416
2072
5143
9214
3260
2658
1156
6471
1649
5933
8924
6200
8628
5469
8353
3836
5434
8238
1037
912
2679
3709
8739
6498
2983
2451
8167
3396
6647
1372
1607
4960
7217
7542
3509
5686
6723
6997
2882
5776
3755
1347
9656
4886
6977
1461
1092
9885
1649
6344
9950
2411
8003
5818
3638
4166
7353
7558
221
4202
1492
1431
3149
409
4483
9277
6214
4252
474
5821
9142
3944
8635
5027
1972
3804
4435
2691
5642
7239
643
734
6748
7894
329
7231
5257
7035
1115
9348
4957
9081
3760
4922
6624
8300
7339
9122
6735
4709
2612
8112
8661
4787
1893
3058
5669
7070
6382
7421
6151
7484
2725
2274
7037
9046
4590
880
7888
7733
4962
8115
5580
662
2831
6763
9492
9709
1916
1031
9604
9861
1895
1536
5169
6389
1197
882
1919
8910
134
5973
7423
9730
9194
2970
2994
8927
6676
369
5535
7080
3697
7959
2365
2244
8229
9020
718
7424
875
2547
7624
15
9894
9762
8672
6482
4008
7193
7701
8675
3518
7648
119
3659
5015
7545
7746
7892
1808
4405
3707
4216
813
8514
5653
9064
7509
1730
9792
473
4267
2887
8784
8488
2724
2170
5989
8318
4522
7195
8412
9215
7596
8194
881
5580
6095
4324
8703
4953
9734
1841
4230
5433
7785
1434
9688
3157
149
1665
656
3627
512
9369
6831
627
6183
4267
7124
7917
3414
5050
1976
3686
755
8975
2739
6714
7591
7230
6046
2755
5066
6569
9510
703
5194
8035
2649
3648
9255
7228
9505
61
255
9499
1546
1013
3969
635
6450
1683
9504
1244
3020
2078
8022
2106
1248
9320
3170
7083
6787
1510
5391
3841
5214
8782
1267
7103
2941
3340
5633
4009
8439
9792
8315
9636
8085
4305
2967
204
657
4453
6924
8996
317
3320
4458
7288
1036
345
3540
2127
7489
7621
4523
3740
4290
7307
2248
1044
8024
2622
6021
3626
4758
2361
5000
8373
2500
6028
4445
2307
2343
3445
7856
3831
638
1850
4580
2845
6203
6563
5810
3391
5277
3028
6225
4320
8470
6056
3838
5957
9502
2377
6392
7011
1635
700
107
2852
5258
6058
4887
596
4007
8056
5357
8679
9652
3272
1398
7389
178
9112
3999
9277
4922
3705
9428
7167
9214
8730
5400
9110
754
2322
7662
2746
4432
1805
6152
8980
1068
5694
5577
8546
516
3794
7177
5530
867
8117
7845
7708
4020
9406
9568
2160
3965
9941
1226
1950
8031
2613
7946
1164
4472
1181
2811
5234
2867
2512
1713
4441
5757
8380
3575
7426
5509
3816
7767
980
3503
2006
517
1741
8772
3752
2024
7977
7818
8367
5941
1504
828
6622
5705
5914
6390
4045
4531
1710
2463
3705
1997
7512
2162
2249
3333
2200
4491
7308
3292
4679
299
1198
2154
9541
3432
9081
1435
9598
2772
3992
6442
4827
3400
887
2537
6548
7966
1574
4410
4371
1032
8685
5165
1364
6719
7945
7815
2600
4587
1955
2827
3449
2364
1714
4679
4856
5203
4823
2910
1298
753
8583
1533
9921
1769
261
44
2126
8916
3677
1572
517
802
8334
9415
7825
2359
2047
7552
9430
986
9474
792
7341
9365
7621
3682
4698
2665
5877
9204
9833
4802
9869
7474
5367
2019
5581
4057
7869
3293
438
9332
1463
3553
9377
2175
8515
1168
3071
6502
3333
26
3467
9352
5143
7835
1948
5214
6702
5695
7143
5426
5688
9022
1681
4637
8097
2152
8977
9409
6612
9869
6708
3200
8526
8953
7674
2871
9775
3339
1182
3947
554
881
2244
8142
4412
98
9338
9566
4601
7479
1857
6331
3618
2887
3157
4642
3538
3453
9655
138
9480
664
4764
2986
8719
8479
958
6758
8872
7791
3184
3332
6697
3746
1119
9631
6479
2254
644
2775
1487
9639
3367
6659
3371
9890
6045
8981
9264
7511
5473
808
7723
1073
6977
3816
2923
5238
8495
9725
9282
8942
3112
3366
8294
8513
626
4510
580
2914
2782
5102
6468
2962
4364
415
7943
6226
5678
2713
6413
2745
5941
1485
1075
3549
6680
1116
1081
4914
6419
2290
898
1628
1755
1587
6020
8195
1503
3536
8240
4514
9579
5477
1132
1372
2134
482
4715
28
971
2356
5566
247
1013
6432
3619
9232
2564
8155
6204
1671
9164
8217
4843
2191
7996
208
9497
2698
4652
1288
8790
1732
5311
3745
8458
2457
6920
6241
346
4292
2569
8840
390
2773
2247
9266
6176
2317
7626
1209
3639
1529
1168
2309
7681
7561
8400
5233
9015
6540
1516
9082
2314
6122
9919
9814
4115
8269
5238
1519
8808
1293
9196
3723
2091
4807
4222
2793
9852
3193
8125
9034
3631
700
4545
9194
2120
7007
250
8921
6147
5964
1314
3451
7376
4345
8927
2488
2219
237
5492
2432
8458
7052
263
1407
8927
6721
2909
5177
2461
7015
1554
7394
3720
9637
6213
1276
2517
8228
127
9054
1408
7294
1284
8366
2525
5188
9506
2379
4294
4219
3942
9081
4946
7285
7631
5561
4647
4600
9850
6308
8807
5773
6380
3173
7141
9207
6398
2272
3227
8813
6066
7891
1620
3750
245
2903
820
2064
3005
6387
8103
4141
2977
9965
599
3403
9975
605
4823
8622
7608
5121
9372
6477
7280
6375
4716
5413
8482
1674
9054
8398
6072
3467
6081
1736
2472
8187
841
3361
8339
8963
2515
7782
1623
4721
9498
2707
2660
2799
2914
8057
347
609
6402
9323
8497
7115
975
7061
1044
2093
3139
9834
4677
5052
8924
2760
1123
1662
4240
6506
9832
4001
3998
9130
5533
9704
9985
6865
7513
995
2478
5756
6502
9338
3916
8332
3508
7799
6355
7499
5831
7533
6812
2006
6924
6472
2985
4955
3033
6866
9086
6240
4162
2687
1852
2077
6503
6230
6511
9992
8106
1581
1805
4667
3743
3008
8766
9252
1053
1229
3755
2009
1585
7247
7968
3413
5809
8068
4315
8340
2942
6077
8678
3767
5522
9155
6017
6212
4297
32
6200
6781
7645
3905
1060
203
6281
7910
93
2647
2063
4722
8461
3748
2837
6054
4912
8349
7017
8405
103
8743
7334
8451
8860
7538
1535
335
1856
9233
4232
8778
1936
8595
6003
834
87
2862
1512
3632
1708
2360
3774
4747
5947
6401
9158
3766
2386
3840
5480
3661
882
1000
9589
6439
1877
5734
8314
3608
94
7002
2598
2566
284
7600
9379
5334
2233
2122
3600
8115
5583
1996
2975
5802
7642
4307
5738
9316
8601
4594
6401
4897
2493
6219
9086
9597
8596
1319
3706
8658
207
2098
7848
4378
8639
8038
2735
8399
6271
578
5573
4658
8267
3126
9142
4292
6462
4846
5220
2228
3369
1544
4457
5013
3167
5620
8231
1130
4573
5144
7665
6177
2615
829
7730
7962
1678
1897
4859
3955
5149
7594
123
1761
5699
5979
1302
285
3819
9238
1944
8664
6566
5558
8403
7916
4123
200
9651
1009
7188
7982
6339
7129
2442
1455
1369
2153
1627
1726
5276
8884
7303
1318
5270
3029
6363
4687
9252
2505
5588
9119
970
358
261
8400
2099
6572
7988
2505
4022
2647
2158
4252
5189
1694
5723
8284
2703
9803
5132
1481
1061
5303
1409
2906
7786
5313
135
5829
6739
9323
5902
718
9502
2706
6585
1689
4463
6904
3327
9645
1845
7087
9230
5624
9323
532
4479
2265
4282
7733
3940
878
5515
6208
4382
6538
1611
8810
5468
6130
9944
7577
3421
2101
5928
1967
3990
2038
9480
9635
6288
5703
2066
2637
4552
7124
4760
6542
1530
2985
5244
4938
8536
3184
4978
4307
3763
3275
3901
8099
509
4394
7798
6438
1093
8842
3836
1761
65
4315
5285
2579
4586
7147
5602
1894
2225
2308
9616
1778
9583
8111
5067
3583
3707
2052
7373
3284
9828
3536
660
6081
8782
9760
434
2757
7322
3696
1070
4077
845
7435
6807
5322
1314
2238
3945
3389
1580
8237
8920
5794
4660
6001
5961
3783
6241
7197
8081
5895
1957
716
6356
6967
5283
1626
415
8763
623
5643
9986
7686
9518
9099
4789
6253
5805
5314
8075
3335
5533
4787
4884
2675
4603
4802
4812
2934
1854
65
7537
4496
9322
3301
1362
9465
785
4809
1970
8525
8521
5647
5580
3089
4329
8590
8369
5632
7708
1309
5164
1047
6424
2138
7975
5034
1113
1207
4582
1537
7767
97
4273
4754
4070
2831
7840
7260
7371
8276
1246
285
5340
1776
7520
1905
5872
8521
383
1815
2854
9730
7473
3650
3874
4357
6277
3033
7810
1106
9853
3691
2750
8292
2518
9091
9646
2940
755
499
3126
8285
1048
6752
2348
7395
4514
9274
5353
3696
1780
3654
3262
5348
3500
1626
6478
6569
9172
5797
4393
3417
7236
6664
8362
6892
3348
8709
7958
8849
5567
1058
8996
7672
3636
8554
5980
9658
3654
8001
6824
3510
3203
9569
2327
2698
6866
7302
3632
3753
2133
2434
9668
4174
3566
9725
6572
5294
3102
7245
5457
7107
8217
8686
2107
7803
9077
111
4769
9195
3728
169
2271
2289
1105
1036
4422
5637
4615
3351
2269
6651
8559
2740
1605
967
865
3934
1418
2221
6297
5712
5237
5653
979
1867
8414
1240
8959
4211
6111
5625
7285
6982
9620
2338
1154
3691
5071
7898
672
5059
6296
5776
6227
2926
3441
343
9888
2014
1639
6814
7688
2576
9796
1435
6962
6044
6402
1555
5527
3465
2682
3320
5719
8653
1002
4944
1577
2721
4469
3294
4943
3550
1893
8895
104
6438
8699
1091
1391
7425
9911
5989
2352
1746
899
2937
1291
9141
5657
3042
5361
8711
2342
3005
7579
6290
9350
9485
1915
4244
6302
547
1226
2763
1992
7418
1408
2623
2249
3197
3281
9867
3199
8822
5861
2730
9030
7555
7408
9978
953
4727
8480
640
1334
6298
22
1000
3370
9550
3595
2598
8012
7663
1827
110
3654
1798
7615
4140
5693
3499
892
2689
6050
36
3417
1531
64
1054
6423
5744
5670
6182
6457
4727
9087
7045
5242
3235
2732
2710
5917
6460
3668
229
8032
5468
7586
4902
6970
7507
7036
783
1379
4023
2180
5923
8147
3723
3303
7404
8738
603
3682
8580
1487
5745
5493
2880
8172
6648
2576
1882
6567
5467
8282
8185
3763
6552
4080
1679
8388
742
6442
2047
298
5232
2777
3833
2933
3661
8477
7059
615
7005
1283
117
1767
163
7900
7105
9281
3946
9992
8334
1178
4581
1889
176
3330
742
3797
4101
4114
2266
858
5502
4069
3216
262
6104
5875
8708
5191
8310
1256
9901
396
7757
4996
4479
583
1867
395
3613
7946
3701
3788
2751
7102
4604
6831
715
5091
9563
7768
5955
4738
7440
4744
6251
7006
148
1186
5830
