9000
6961
5735
4934
245
9650
1052
7654
8006
9304
2987
1016
4955
2413
511
8351
4074
1108
8965
7437
3364
9887
523
5191
4387
7678
5604
9204
3026
5586
8252
7844
1225
8479
451
3981
2403
9295
4295
1137
6829
660
3938
2300
4734
1845
1053
7625
6446
4698
2176
2659
8308
6275
6919
4601
2255
4578
3490
1339
1905
9657
7737
1889
3603
4430
8586
2011
569
7675
129
9235
3012
7745
8930
1887
7405
4909
694
9890
6596
8899
9904
4754
1286
4471
6699
9940
2948
8858
8722
5539
1686
4097
1019
2016
1467
1330
6817
308
4187
3672
7004
9824
5932
694
8415
2133
6878
4935
1518
704
2323
5859
8010
2381
6973
6638
9835
3228
134
5819
425
2609
5830
5822
2214
4485
3013
8959
4571
7706
1886
7195
4350
1276
971
9332
2653
1251
6803
9928
7401
8981
5853
6031
2914
6457
3887
4382
4651
3941
7623
3640
3706
584
2757
9844
9071
8868
340
378
2077
5092
6836
6679
6506
428
2405
113
5375
797
497
9700
8396
7015
6998
7418
508
7769
5070
2617
6943
3684
2702
4566
2762
7597
8792
5783
6520
7842
4380
7494
2011
5108
2754
4658
659
3746
3501
6880
4554
5846
9596
8286
857
5497
98
9400
4987
1793
2912
8516
4012
1067
4988
1655
2941
4820
8049
1514
8903
6545
8306
8728
5497
6590
8459
8366
8720
8931
9543
1893
1153
7795
5160
8748
7030
7134
2806
7805
9299
5239
855
5714
3413
4543
8071
2113
8998
3760
964
3763
5951
4966
3561
466
4282
2455
1317
3008
1298
532
887
7860
3353
3623
9145
5952
6726
4332
3126
9150
9162
4508
6664
1017
397
1797
8562
4551
1498
1877
5303
6644
6499
2725
2486
5082
1986
9475
1123
9116
9278
9639
3411
6578
4982
2247
8451
5391
7517
6406
2068
4238
7746
359
8807
4475
4538
1551
4274
4462
8333
8088
7565
9985
9738
5122
6396
4627
8695
4341
6392
8918
9385
1377
2636
9650
8476
1926
8393
5516
9727
9920
6327
7409
3936
7177
4392
4541
2336
4770
6170
8217
4514
8221
9578
5472
405
5922
7423
1090
971
1489
8394
2337
1797
3511
8904
2041
3118
1113
513
7869
6417
8557
4672
8668
9495
4937
6703
3203
3601
6387
8495
4460
9790
9543
8321
2691
1529
6119
404
441
8995
8284
3115
5522
2712
3915
2570
4057
1329
5763
1693
1540
1685
7059
853
642
2508
1049
512
6064
50
1012
8212
4843
2645
1723
1752
8415
299
3094
2174
5134
7106
9130
2737
893
2597
115
3895
4408
3880
5625
7619
9206
3969
4693
1978
183
5139
2317
3471
1465
3336
939
7085
2154
4954
5788
8801
248
4174
4676
1858
3093
4301
5998
3150
6070
1152
2017
6610
5338
6808
8751
9301
199
7784
7255
9746
4799
1311
2202
688
7379
4214
3658
8607
6030
4786
463
5377
9986
8246
1011
4787
5152
6376
717
9351
4320
798
6027
1583
6945
6309
1336
4888
3258
3038
1437
817
4671
4245
9940
4438
8159
7503
6135
2029
8762
2560
3799
7244
3104
1079
7705
3893
8053
5190
5434
4864
241
7681
3171
2403
9123
9106
1320
9136
8213
8327
3131
27
2202
4729
6862
8007
8260
9258
8597
2188
9507
6298
6777
8902
6200
8149
6632
5677
8711
524
7546
4573
7899
1215
7663
3762
9027
8788
1780
5329
9098
8151
1749
981
4452
6542
4572
8309
8373
5944
5207
1023
4252
2113
6664
8531
4076
1060
5446
4462
267
5406
4688
770
9618
7611
2306
3518
2389
4095
1728
7695
7150
6819
3887
6659
4866
3561
5731
8997
549
8542
6835
8410
8521
8140
5993
5159
321
9769
165
4877
2243
1327
3249
7890
7228
3577
1503
4045
3326
470
1295
734
2533
7213
4893
1992
9767
9422
3991
5996
8329
3377
5292
4818
7726
3949
479
3782
5770
583
8219
2621
1541
5172
5057
8707
9484
8733
7468
9011
6913
9791
8790
9986
7698
8955
8835
7400
6855
3456
7483
5276
6789
5843
7909
1386
9439
5033
5135
4
6685
5409
2810
6291
2948
4961
1362
9336
5477
2651
1452
3907
6610
8075
9560
7950
1370
7776
5429
9704
230
4596
8628
4010
9484
2762
4404
5479
2241
4676
8508
7092
2700
6781
7736
8306
7909
1081
2171
1924
6108
2375
1699
6737
8230
9489
7417
1320
7681
2528
5495
1291
1193
4254
1269
442
2484
6809
8668
3660
7559
2769
9707
9036
2732
351
5288
4062
6203
9041
6510
8860
5188
9286
1828
1378
2271
2787
6239
2546
3355
4223
8654
3013
4499
8241
2243
7823
3535
9444
1089
6494
7014
2709
720
4126
7824
7881
1085
9499
2490
3117
6287
2085
371
779
1477
9337
99
3237
3179
6370
7212
1890
1436
8043
5928
9298
9329
7199
5618
4160
9319
8063
6528
9139
6110
2656
6542
3120
1869
5007
1990
2464
2851
2849
4651
2362
1961
9723
8486
1581
1940
1498
1367
2219
470
8640
9901
8661
932
2493
7392
7279
5106
4614
1355
0
8009
2564
952
2633
4811
3019
1028
831
782
3061
4993
6327
1364
187
1642
93
6012
9135
289
6032
8656
8345
5572
2957
6735
668
5327
7319
8629
8724
8683
9424
1191
3663
8803
7751
5323
8565
6839
3326
739
8837
4233
2598
1002
2557
2565
1353
1847
1253
7774
420
1007
1545
1220
7311
7383
6082
17
4603
6198
5439
3170
1286
2617
8869
1699
9726
8017
7024
2931
5840
5079
2933
1863
8987
8735
4854
2682
1286
250
176
8258
4875
2661
5077
7102
943
3119
849
9595
4846
1800
2043
8998
1848
3653
9546
9468
6818
1825
7537
3021
4234
9693
5737
926
1739
5287
5289
2702
7608
6744
2372
4160
1337
8199
592
7560
48
8060
1166
1921
1239
1071
4379
1194
3991
3231
5970
2417
4583
5438
4571
1335
3471
9561
7844
6500
2776
4838
763
5411
787
166
7461
6750
1874
1498
5438
1460
3175
4242
6941
215
6839
9247
2227
7250
2186
26
3793
1543
7281
2318
2435
9607
8405
4177
6732
4747
7240
3088
3823
1439
2170
8472
8471
6558
283
7696
1604
2953
9159
4819
82
3824
4531
2221
5816
6131
1059
59
6442
274
6949
7908
4300
3265
7085
326
2179
4503
7726
8649
4937
5206
8402
4529
957
8261
5783
4767
3989
7736
9574
3654
7041
5137
8240
7243
4093
8384
2807
1541
9059
9574
3590
7364
5930
4311
5854
1103
4031
5918
7870
8389
4174
5594
3695
1829
7149
7942
7113
7321
4981
3287
7253
1085
958
2574
2641
8494
6838
7421
921
4333
4718
1062
7624
9954
9458
7871
9658
1326
9650
4194
1821
568
1841
5057
2164
3017
6121
2807
4135
3540
5657
5545
6635
5277
4285
3371
361
5818
424
7311
6398
4630
6657
4312
9807
7618
3623
3660
5910
135
881
4040
6573
2871
295
8846
6262
5505
6295
7994
8884
7986
8693
5906
8410
5289
1138
8795
6046
3043
8231
4440
3914
7093
206
5806
6111
1144
7709
4771
8166
4591
6241
2996
8436
6340
7539
9974
552
848
313
8548
1429
5785
4251
8327
9511
8645
7424
8212
5076
2989
6597
5695
7776
1390
602
9373
2780
4153
185
2199
4285
7609
3556
746
6948
6100
5513
1595
9008
8507
9540
1065
2476
5388
6770
251
7541
3463
6925
6520
909
9357
1785
4149
5013
7811
4153
984
8235
6455
5503
460
7935
7850
6767
7438
6451
8923
2062
6883
5759
6069
9996
6156
3487
8110
4587
6610
4058
2368
3387
6796
8158
3541
2468
5871
6605
7435
3519
9621
1502
2519
193
3414
7410
6774
5189
6099
7940
4750
3941
3618
8428
3858
3445
467
832
8149
2364
1984
8775
8150
2352
2659
6860
6442
7708
1410
1131
3112
9056
9670
5611
1197
6182
4826
8728
2928
4108
414
4924
9647
803
858
7737
8712
7091
2208
2869
4772
7288
426
739
5789
9678
1379
5306
7905
1524
3922
7508
3246
7920
3168
5749
6781
7039
891
1334
7180
535
6723
381
7315
8331
4801
8763
4969
2074
3672
2001
2286
9828
3571
4880
6344
8986
6574
5836
3980
113
5633
5676
1810
7347
1687
5088
7804
642
3981
9151
4239
5833
9365
3261
143
3298
2250
9285
7209
7053
9838
6953
2185
7331
4399
1203
620
2280
2601
4598
7232
6486
6357
1782
6552
4876
7118
7265
9868
51
6468
3288
8637
4328
4026
7022
9749
9658
2330
5308
5741
1410
7608
4495
4824
9594
9411
9231
5757
172
2312
5340
5682
8008
3041
7671
3571
865
5755
2746
5282
916
9413
9157
6313
1606
4420
9478
7083
6442
275
1924
8424
2587
7608
568
2463
5260
98
2249
6190
6362
9886
9747
5860
8394
5961
275
1848
6180
448
5633
4019
9820
4979
4298
5943
3273
1448
2792
8355
5859
4187
273
8767
3998
3795
2617
8194
318
7296
6117
5523
773
6353
5453
8972
4496
3250
1789
7658
8539
6882
8808
4177
7244
8178
3450
461
691
281
2200
3235
3211
3733
4566
9541
8957
9277
8613
3397
1074
8481
8694
7489
8707
3699
7088
5628
9439
1119
4218
958
4840
4276
6821
2017
2554
9767
681
5612
7177
6269
6651
5357
4182
4518
6024
5375
3293
4521
944
268
6399
7130
1009
4171
7831
5321
7567
3818
5002
5124
4701
8823
2272
2092
3467
552
7946
5637
7693
7771
8479
662
8979
6727
8647
881
7690
6273
7634
3549
1454
6523
4566
5838
2810
5894
5652
3302
8894
2745
4006
4421
7100
6266
1767
3868
8047
9464
4527
7360
4840
3371
2761
8681
1782
8212
7154
7066
6417
6590
7424
8043
8771
6934
2893
5153
2564
390
8479
1904
1329
1532
8294
8007
4233
586
3745
2473
2675
71
8317
172
2798
9363
4875
1994
7287
279
396
9397
65
3866
7211
2968
5716
5281
6568
760
9956
7150
45
9897
3949
1225
3198
8413
152
3916
5394
3431
2733
5127
8248
8462
7765
7173
2024
9069
7514
4294
408
7895
2813
9595
6311
5639
5476
304
8506
8134
4718
115
1488
7094
740
2595
2883
219
1182
7539
3886
4250
9439
158
6917
5993
2015
2149
3590
5221
2899
9588
171
5251
2986
2546
5096
894
6918
2199
1927
143
7957
3912
9245
8907
9980
3469
5000
6838
5103
2516
184
6293
847
6799
1448
8097
7872
8408
2472
8903
390
6500
471
9709
6284
7685
4418
2287
432
2170
435
8471
6990
1825
4296
3339
1032
3757
2578
3057
4767
8563
8790
7245
5088
2253
2644
5082
1630
4561
1409
4855
2711
7084
4227
3545
5174
6696
7544
9519
3029
7933
2580
7043
2797
1092
2965
5884
6060
9990
1572
3152
6897
5458
7131
5174
3798
8062
5069
8425
7227
5797
2710
9849
1563
1647
769
8156
4509
3150
1584
4594
2906
8628
8379
214
981
7218
5432
1440
6588
5804
2947
7463
1802
5544
3722
1428
7798
9445
7304
1825
2587
9544
5660
833
9413
8497
7589
2041
8837
3068
7772
2316
7985
3924
5998
3908
5227
7394
2148
6028
4972
5459
3937
891
1917
7799
440
4186
7538
4085
3128
1527
8548
7485
1797
9186
5097
8710
7587
7156
7697
6341
3953
6000
144
4415
2016
2338
7091
2917
4319
9988
7889
5182
3157
6207
3023
8420
7210
6253
272
2308
3697
3133
3015
8456
1654
4801
8955
5730
7296
994
9094
8142
6867
1987
8009
6906
86
9554
1936
3426
6876
1915
9325
3907
160
8471
2532
3106
7154
6338
6579
5749
776
521
3259
4046
2067
9794
1775
4584
5200
4198
8120
4842
2983
2073
6386
2057
4131
235
4727
2971
8222
438
8422
8181
8856
5079
9504
7477
1461
9034
1854
2956
1777
8543
7074
483
224
4745
1513
3358
9269
5796
5514
3566
2783
6630
6014
7857
747
2462
3036
8708
8826
5785
2095
2008
1857
3268
8086
4866
5655
8300
4328
1725
7742
9585
5729
2410
3953
1993
1934
3207
9062
2080
8801
5310
3599
1997
1841
2628
3571
3521
7074
1442
2933
2024
5340
9792
2190
7841
2682
7517
43
8810
5330
6348
1253
1221
252
7416
1449
6743
4432
7927
4324
2287
6065
8989
4013
1268
6096
3864
3071
3094
9646
3368
7361
7207
2673
689
1491
947
5730
9753
2519
9738
1633
1725
8218
5006
4086
7040
8878
1703
6501
1251
2757
9684
5821
1759
3276
2045
813
4831
5601
6644
8659
379
2483
5945
7251
3359
8261
1948
7072
4683
6478
7486
7210
627
528
832
36
7591
4018
2237
8656
3565
1453
1220
474
7561
3120
5837
9758
7950
4368
3612
2262
1567
2047
1779
7476
6591
7063
9474
4185
7206
3795
5306
6240
7700
7067
5264
2633
4736
6715
3165
9893
9194
318
3649
3291
1935
3772
7127
5206
5818
8573
3924
8299
3287
4361
7513
6698
7619
5214
4376
6704
7039
8332
4580
6358
4852
3824
1777
8443
2496
6315
6202
8905
1214
2831
7153
6950
7764
8581
9489
9529
8182
2718
5663
5574
423
5028
623
6872
3616
1228
5811
6394
8985
2731
2158
4098
9733
6002
7559
7195
8586
503
2569
1934
5069
1345
1911
4780
5532
2976
4205
7179
213
3270
1985
7546
5861
3750
8521
6130
8170
8872
118
8715
8633
9398
189
2456
3852
1942
7878
5456
6179
3827
7182
5578
6075
7162
2983
4532
5324
7439
5808
8768
4845
2650
4623
4188
9858
9026
5370
3964
1749
8627
4453
1462
9763
6527
9301
1466
8237
799
1475
9356
4590
324
8957
1631
2893
7854
1798
4704
7928
1175
2958
9068
992
3293
1212
9103
1284
7867
9447
4906
2694
6404
8884
1616
954
9259
1562
5501
5084
1217
4337
6084
7328
8539
9049
1347
5957
160
2423
821
9571
7084
8938
8052
2196
1860
9212
7384
8751
9767
7716
7937
2191
604
4056
5485
6610
2238
4095
6278
7085
113
7333
9979
5549
2543
3319
5513
9992
6628
8910
8742
9282
3778
4665
2331
8444
5282
1763
9803
4550
5672
4468
8980
1541
7377
2724
8000
704
4588
4233
1640
1668
7858
465
1974
5912
8979
5563
9350
6891
527
7296
1561
824
5261
3328
3157
1115
3307
9318
6668
2958
3923
9885
2774
4349
1526
2396
8014
5064
5353
4380
1127
3046
4520
6267
3513
453
4571
6729
5932
7264
4372
7984
8943
5498
7649
112
7526
7463
180
5912
8142
9578
5788
81
6893
5593
1952
900
6395
4845
8648
3132
1655
1877
4264
8998
3944
7081
2378
8549
2545
9660
7799
4546
191
8571
1794
9920
2322
915
2816
2973
9637
9647
9719
5061
2428
6446
8978
5761
5658
4083
6575
4093
2812
6262
2694
1223
6854
4792
3222
5858
279
212
5405
5482
5963
4688
3763
291
5085
1043
820
8714
9079
7248
4392
8285
2232
4209
2817
8390
4032
2895
2657
6482
5915
4125
3301
656
4471
3285
3841
6981
84
890
6505
4413
1960
9741
410
3132
7004
5579
291
5058
8422
9026
7635
1436
8659
1636
2848
2903
5777
5701
3169
1680
1734
3279
3081
8039
3713
6229
352
8338
8411
4548
2288
3102
6809
4421
9961
4368
1585
2094
9473
9337
5159
8809
492
680
2387
8557
739
2585
4992
8392
9812
1435
9283
6398
87
4336
9350
9051
7496
9693
1200
3156
293
1153
6243
5996
3237
4275
18
9154
899
1507
5373
1320
8246
3
8027
8542
8159
4495
2850
7341
3919
5783
5029
1104
9202
2733
5307
9436
1291
106
984
7296
9932
8539
4442
7
7187
5736
6930
6058
3612
3557
429
9379
6455
1586
7294
2205
1847
909
5738
2071
3892
8855
2352
2119
1742
3492
5651
6811
318
3580
7045
2490
9802
3854
7890
9241
9861
8597
5413
6650
5409
7138
619
319
9346
3128
7906
7437
7872
5255
6702
1403
5000
8176
4136
8537
9504
1704
9251
2781
6757
824
5869
6920
6163
2704
3694
871
5008
988
3392
3606
2581
8798
682
3184
8762
5851
8267
7217
9597
5698
6032
5148
3343
5367
2770
5992
2763
3566
6015
677
6868
3538
2755
3965
1321
869
7714
5333
7288
3234
3845
306
6844
1678
4991
1369
7364
2285
3419
8015
1186
4289
9748
2111
3117
1277
3408
6522
4484
4488
5722
3096
6766
9277
3851
6252
2243
431
804
662
3328
6842
9082
2370
6123
2917
958
8878
4948
9203
3960
218
4820
2696
751
7975
7109
1721
4648
7105
4830
9372
1273
5033
7641
6143
2057
8187
1890
4212
262
6815
9886
8778
1570
6779
1702
5767
3050
9317
9966
6689
7156
6453
2631
3628
4341
7865
3197
9261
7741
355
4717
7549
880
3245
5319
7098
4161
4445
4316
3160
3052
851
6901
2708
2464
4175
7343
4712
2200
2959
646
586
8325
5718
7629
2352
7226
6905
9608
318
9827
3890
6710
2464
4674
4728
222
6003
8327
7894
8020
2173
5180
2103
5768
6349
3995
9827
2076
8813
4188
7506
240
2852
5230
1488
5836
9448
5489
7210
649
6448
9230
3748
9804
3448
3908
6956
8832
5038
8224
777
5759
5113
1880
3614
8989
4969
4948
4939
6705
889
5993
3266
5648
6225
7459
8599
1992
952
639
9360
1206
6343
5586
2700
8596
3049
2682
9008
4867
8430
207
8972
1680
127
8564
6397
4902
6395
9200
6619
7761
5872
1124
258
1930
454
2345
9519
2692
7845
5431
1120
3585
1191
5812
4622
1873
9159
503
3622
5353
281
3496
6674
3148
6867
4342
9959
4872
5833
3572
3736
1408
279
9393
7863
7361
8247
6674
5611
8644
9282
1422
5230
4895
2515
4902
6349
2888
2823
1968
6371
183
3153
6239
4287
9894
4026
8992
9985
1784
1237
7906
4948
8435
8272
9187
6389
3691
71
4260
3457
700
9763
5480
7149
8660
9728
6094
8287
1756
3420
792
2250
225
2779
8088
2151
5026
6999
8998
3486
4632
388
8128
1812
9325
6146
2431
3070
3162
6923
5521
1444
9602
8285
5193
2817
3188
4754
2335
871
2241
6010
3797
8431
2427
7866
5959
3822
7141
9390
8798
6387
7261
282
577
6764
2994
2318
5688
7161
6148
1815
9279
6952
6663
7650
5124
5423
7011
6364
1581
7769
7964
6870
7353
7143
6312
6148
8193
7896
5106
7475
4602
2227
3067
922
2026
5233
7495
9530
1124
6872
9323
5711
2098
8401
4657
7657
3726
7595
6613
9700
1645
4121
7584
3074
4728
2950
7470
5531
6360
329
2190
267
46
5187
9381
7914
1917
869
1680
6200
1973
687
4324
1239
652
7763
6803
323
5690
6376
1918
3740
1569
1515
5633
3924
5895
7327
544
7716
2770
6245
8268
3481
1455
2343
7825
3916
4879
3022
4239
8911
9503
9715
6131
8962
4482
3474
4194
2518
4957
7147
8786
1257
1615
707
692
3584
7290
7767
2865
5283
3858
6704
2320
5457
7761
7538
9746
3364
1685
2862
58
8768
3671
2648
4636
8853
6233
7459
8625
4277
4923
7623
1028
8479
5305
3781
1788
2040
3221
4049
4071
2059
9148
494
8415
9688
984
8136
331
7128
1554
8923
9477
1601
9857
7041
4051
3252
9571
1608
8325
996
4839
5393
6730
7233
8197
6885
1326
5394
3451
6466
7988
3314
9877
1699
9276
241
8535
7982
5234
2187
6426
4119
5683
5557
1873
7922
1036
7859
7302
2022
8272
2135
1526
2700
3142
8693
9654
2279
701
5409
1617
1085
7933
6522
4943
4180
3468
2848
9859
5816
1145
5712
3873
2184
2312
4416
8474
1776
667
566
2693
9057
1529
8259
9164
4893
9533
4061
400
5551
4334
1098
9818
6023
3334
9256
4640
1827
1666
777
2880
25
773
7004
1163
1808
8361
3847
4257
4079
6531
6432
2757
3373
2450
7547
8860
6936
3203
1453
6728
385
36
4160
6747
4068
6931
2111
5482
4789
8690
3537
4097
9798
9066
9234
6893
6677
2233
9597
409
4226
2314
6038
1912
1311
4559
1331
7243
9120
3325
7019
6016
5665
2259
3623
9288
6999
728
5237
9987
6062
8145
7659
8363
6130
9244
2696
3897
1450
9581
4166
4439
7534
7506
9036
7859
2745
3012
4640
6717
5305
9965
9418
5134
259
2624
8115
8469
7204
633
4364
2142
5811
9042
1387
8657
2882
1967
560
5141
9858
3928
5414
2463
7334
9200
8374
2171
3680
6310
4005
8261
9416
8919
8669
5685
2715
4270
857
9013
1120
9850
441
5936
6998
5290
8486
3784
521
1479
7087
1828
6051
5550
1762
9524
7919
3417
7831
3091
377
713
150
4136
129
1857
2825
3081
7822
6194
4172
5949
6191
7311
7008
3355
7804
7852
543
8772
732
4072
1049
5306
8176
6788
5805
716
9212
7919
5764
6831
3750
1199
8072
6778
8151
8622
6306
5982
2670
8703
5776
9280
5188
1211
1988
1669
8186
9901
1354
4137
4654
8934
8898
7675
4141
3853
5339
3032
3362
1991
2161
5539
2476
4318
2813
302
1694
4722
7003
2392
5808
3321
937
307
3107
3124
4651
4768
3090
991
4011
5018
5636
2260
1261
4299
6093
5070
9153
4383
7524
2981
9074
2819
144
6506
5467
8201
1963
288
2217
8828
9673
5701
9244
6954
6833
8972
1319
5682
3466
7753
8439
9307
81
8216
5664
1375
8838
7370
6706
627
3975
2637
8139
6868
7332
7126
150
7295
2242
8558
7137
8844
6923
7574
5228
9800
8450
3288
8269
3022
1348
5612
3521
7410
1994
9636
7037
4586
3323
2869
8802
8825
3839
6562
4991
2104
5038
630
2272
1523
6870
8654
2964
990
7355
1585
5613
2530
2953
333
6897
4136
7078
8671
4013
9105
2915
4637
808
9983
5952
4644
7685
3108
719
8874
9955
181
3152
7903
4143
3754
9356
8837
3945
709
3310
7049
1236
6860
4203
1325
6070
9493
4370
6147
6767
6765
9071
6488
5671
6900
1081
1642
5424
4873
9835
5511
7387
1374
6512
8612
9030
2968
503
3927
515
8021
118
482
4644
8105
9051
4765
4177
8231
6574
1566
5260
4601
2162
6807
3388
9437
7578
7388
2534
8428
7064
2623
7643
8871
9648
6394
3498
8512
2716
3320
277
1858
585
3281
7905
2526
1342
7457
807
9540
9836
2979
9911
8858
9249
7439
7469
9164
2087
3229
9483
9072
3482
1972
3238
9924
8294
3156
4685
5143
5390
4940
7940
6528
6265
6057
6095
7199
8679
1452
8377
6143
9346
9575
8469
2276
8848
1060
3339
1686
4724
5377
3028
8394
1572
9404
7505
2602
4053
6214
8437
7024
9186
2487
372
2132
2780
8367
1811
3423
5547
3332
1518
5372
3299
3917
3000
3962
9906
9642
3741
2784
7701
4733
9892
8478
6122
3161
4864
219
3121
7381
6966
5216
8555
9565
1432
5345
3812
8614
6304
3603
2718
3180
9912
1407
2770
3274
8966
8129
2395
4228
2102
4637
6382
1316
815
3327
5841
3504
3463
6093
4525
6645
2898
3179
7870
5346
6518
7675
7255
7587
8122
7071
3010
1303
9965
2524
1077
1985
2530
941
8897
9992
8297
6225
2451
3371
57
6370
1421
7461
7674
7603
6063
4968
1791
7653
4735
9689
528
2326
6392
3112
3653
6678
4286
1003
3455
8439
7151
5750
2785
1761
5221
8953
3339
2048
329
1077
2567
8827
2561
5948
6604
6113
4346
6404
9392
9313
2433
6280
9195
6774
5114
108
1654
1629
9732
970
6898
4549
3124
7774
5862
4146
4605
4202
1856
4894
7586
1287
7548
7933
2386
489
7874
5387
6066
7437
7242
2452
504
8865
9242
6527
3587
5392
5088
1080
9848
3609
1548
4505
9448
6828
3829
6900
6477
9216
2683
7055
371
8627
4156
5901
8931
6895
2000
3845
2554
102
5727
8081
7977
9978
5555
5670
7942
2490
3304
2090
7263
4877
3967
2263
2335
6356
7490
4746
4200
3136
2658
4648
128
6816
76
1438
377
3956
4746
36
152
2467
3845
2413
264
7349
4472
3053
4071
9310
4352
7528
5005
2872
1024
9891
4396
9019
8306
9
2931
8428
2983
8492
2621
8095
9390
3078
6535
9082
2787
2762
9151
1000
4399
6060
6952
9159
1390
5274
2745
6751
6574
2790
309
5935
1811
5665
8293
4165
1639
4853
914
1817
3519
6335
959
7479
4281
9399
3954
7207
5585
8077
2323
3947
3202
8610
5837
4276
5305
8944
3298
7489
8566
8007
2012
5030
1148
6165
1005
4389
5480
8993
4535
6651
8574
8933
7272
9577
3310
8485
1998
5693
4214
112
8376
2941
1137
2034
9741
4032
6845
6099
7813
7449
4890
832
8757
9408
2846
7716
3816
6783
6710
6210
1417
8534
6151
2882
2046
2123
6243
3333
4174
4257
8982
3111
1346
228
1856
1361
8745
2639
5949
3495
2934
5690
2752
1060
1860
6307
6318
1824
9146
1511
1223
9980
5370
9694
5055
8250
3043
3024
2746
1899
2326
3736
1431
262
3029
5875
2467
7826
5095
1845
8446
9505
4889
6984
2651
7721
9807
8642
1184
6319
8759
5890
5102
4258
4926
6614
5450
4722
3644
333
9386
1339
6203
2564
6059
7250
533
591
2559
1994
3515
8821
4164
435
370
3624
7295
8817
2807
3088
632
6020
2340
6868
591
1497
8202
8164
3628
4428
4430
9525
1444
5000
9280
9274
8072
8013
9574
7723
7031
8413
7016
2757
9347
3507
7797
6398
6257
16
2771
627
4538
8979
7443
7936
6783
8644
514
9818
2937
3294
6059
8157
2222
87
1035
9182
1920
5357
1949
4380
95
3886
3539
1159
9663
5604
918
3852
3476
9515
5092
301
8761
1441
7113
2682
6848
9433
5497
2846
8100
6235
5273
9720
5147
5243
2765
739
3975
8229
3340
9973
379
5522
9840
9329
4939
1386
5497
2489
7804
3734
6673
8963
1370
2016
7930
4662
1881
58
9924
6882
5571
999
8666
9338
4431
8810
684
5951
6947
3849
7064
6586
9776
7805
7153
4949
6124
6361
5506
9830
861
8245
4940
7065
2337
4454
1258
7433
1275
2091
8502
171
7400
7622
8644
3256
1247
1589
8908
3285
3830
6509
37
4064
817
386
8701
568
5862
3781
2533
7609
8876
6827
8633
5843
1922
7989
333
9143
7836
673
6707
1438
1015
9229
9850
3813
5614
4883
3488
4648
4549
2165
6439
7866
3203
8422
1670
6478
7773
147
102
4870
1020
3053
6637
6901
2656
5219
1368
931
4015
2512
80
5773
8054
7630
4127
9973
6640
2902
8925
269
9428
9702
8195
1516
616
4701
9152
8779
36
5478
3913
495
7010
4462
6939
6835
4481
6739
7917
9889
168
4700
4385
5677
983
3791
4201
2525
5769
5987
3958
4937
6167
6099
4907
8299
3174
2426
9392
1619
5104
305
5235
3770
7680
1155
7288
7905
5239
9658
1969
1238
9355
5224
2921
4481
2175
6739
2235
2945
5550
1853
784
2142
129
7455
6148
4843
6384
7906
6746
9898
7365
266
1030
5179
8476
9680
2200
3747
1751
986
8169
2357
8749
8761
7533
4799
4674
1118
5225
5988
5058
3049
1662
2289
8951
8384
371
174
2219
7673
6305
8980
5047
1877
5479
9957
1321
5928
7198
188
9764
5033
4887
626
8401
2274
2305
298
9876
9412
9862
8778
969
6091
837
7046
5997
5497
5354
443
8458
5378
4825
1220
6426
5908
3770
8108
8460
4144
351
6642
1779
5545
7489
1234
396
616
3527
5205
9480
5514
2472
5383
8808
7751
5608
3169
6247
9263
8927
6275
3793
8658
727
1264
4865
6540
2564
821
7511
9532
2798
9767
7401
96
4793
7032
2528
5455
6134
9030
20
4034
2882
5184
6194
5728
12
7878
4681
8068
3796
1340
8500
4829
4991
6394
2753
818
5559
2531
5664
7920
6575
5008
8856
3809
7733
121
9667
6906
3568
8063
6122
7186
9720
7545
8155
9178
8596
7481
4390
9838
3727
9897
6279
2902
3828
2008
7790
233
3033
7499
619
4431
9672
3234
7156
2496
4855
2776
3289
8623
1417
5622
1758
7405
6126
405
7143
3627
7269
7421
8131
319
6530
3663
2607
6322
4955
2140
60
2613
7292
8384
2426
6509
2842
5119
1667
9730
2725
5642
5988
8159
2726
4733
5766
6727
5816
7880
1467
4917
9779
168
4068
4461
5571
3201
6959
8245
1991
1467
5102
8026
5877
6631
3027
5952
9196
6172
1255
2505
5057
4193
9578
3633
7883
377
9812
3668
6042
8951
4778
1069
3969
7228
8605
5275
7268
9444
6140
5906
2589
6009
2233
4860
9609
1202
9385
4346
3647
3965
9669
9771
273
8948
7214
8359
6315
4046
1581
9560
4552
5285
1272
470
8131
7247
8945
1326
763
4459
9593
7406
3616
714
9937
9103
7562
4664
4321
4815
9738
7893
6145
7787
9672
3941
3828
3542
8986
816
5941
4280
4262
4614
2890
2565
1854
931
7205
4408
8043
6683
1354
2988
8309
4930
4490
6504
6894
2890
2829
9061
2670
8442
3071
4829
5913
8008
1281
8129
7293
7667
1200
8598
6520
5135
9395
8526
2246
173
1549
3967
5415
4582
4803
3458
6015
6517
4840
5225
2296
494
2323
574
5122
6143
2402
8005
7402
689
5592
5773
1000
1610
4290
2408
5730
9923
5991
1588
3838
2241
3469
9125
2613
6675
2296
2961
2835
198
9902
6792
2187
3400
4838
446
2104
6519
7375
4951
398
933
653
718
8926
8251
9278
2273
6216
2375
7466
9260
9275
51
1961
6384
8776
787
4894
6208
5925
1851
3745
7528
9821
7131
3163
427
5764
8248
9322
8583
2440
2311
2261
9031
9492
2729
9273
4725
9502
9086
5281
4377
9216
87
1268
7763
3364
8732
8728
3697
9512
9735
6965
173
2193
8731
6101
2903
1131
132
8839
9434
2558
2796
386
6061
8605
2167
7191
9960
1128
9036
1183
2369
194
5585
3635
18
1117
3058
2411
4089
4576
6253
7710
460
3866
6973
7784
22
7201
6704
1242
8211
7379
3751
8122
3700
6590
3083
5323
6687
6939
7510
7416
5734
2628
5605
4682
1602
3830
2856
137
1883
1186
9362
1599
2103
5774
5380
6936
5278
5321
2641
3542
3366
4027
4429
3457
351
2330
2183
123
9132
9849
1856
5345
8252
2331
4646
6621
693
2533
4226
7720
9533
4498
9914
7774
9460
7168
2596
7482
449
5751
5801
304
7943
3386
9329
8665
3283
8342
7664
9433
9797
7031
8332
540
8297
8394
5578
6671
2737
3773
9925
8780
1216
3411
6890
7357
4006
9844
9218
4641
6083
1392
1789
1020
9546
3924
1063
3352
7460
8469
122
5882
4365
1098
8912
7232
1871
1046
8515
742
9176
5362
20
8455
4571
7353
9508
753
4017
7277
6561
1297
6265
1576
5376
13
531
3053
7844
2401
1221
1100
1257
5425
2360
1828
112
5694
5570
354
6663
3124
5568
6232
787
7279
2448
3146
7101
7485
5369
7921
1766
927
8807
9378
3448
1513
2263
9049
2011
2169
2091
5006
8673
164
9962
6362
5423
8876
2103
435
9864
5102
8188
9395
8263
2567
7092
3511
5048
2983
3522
7875
4964
669
7969
4403
5624
4418
2296
9692
7649
4290
8617
3408
8342
7381
3975
881
3425
9261
5730
8973
3355
5111
2849
2663
35
1731
9754
5670
2123
6961
528
9607
8192
3793
714
1918
4644
2365
8332
4042
4777
7731
6677
6070
6811
4489
3492
8043
2203
2261
4727
3187
7876
389
4785
5176
1692
8648
4615
3467
2953
3344
8504
3697
5421
4063
8199
5576
6319
9838
9686
5655
8983
205
4769
1507
4854
3028
5411
9438
4848
3496
7417
4761
4039
298
2642
8986
1509
9241
2607
8633
1893
1783
1773
9205
7167
5849
6331
8244
9119
3448
9994
5159
3856
8917
6353
9115
2490
458
4826
1212
8692
1659
9005
8516
760
6555
6358
6450
3443
5402
3317
9237
1077
7068
1011
6375
1499
4389
9676
199
8854
337
7565
8862
4519
5008
5770
9395
3690
1694
7628
2827
7260
8913
2662
4504
3483
2427
6195
8082
4713
6496
9374
5379
2699
129
4174
7835
7988
8951
2667
2596
3001
9851
6833
2256
8433
145
5792
6927
8939
5045
557
5341
5132
7822
6137
8440
931
592
4028
3519
1691
8254
8094
1253
7245
9643
1314
8485
8878
865
9583
8304
5532
4107
5708
7538
4465
2365
9575
4274
50
3171
770
2824
119
3927
5322
6505
5302
908
8486
5773
4030
72
4664
818
413
9822
6051
4825
5902
9753
874
846
8675
1013
2256
8982
3003
6630
5186
3921
3777
3980
2973
4238
9169
383
2269
3886
3814
5092
6819
224
6149
5234
5298
1580
2464
8798
7414
3915
8904
9202
2033
4227
5186
8876
9859
7617
7044
6530
70
6671
3229
6548
7716
8453
8878
9066
6773
1339
5337
8476
2504
6093
612
8593
8397
9287
6266
7662
4685
9888
111
3472
5047
7219
9437
8885
9128
9287
8783
7045
7958
8081
2538
6030
2777
1488
5267
6572
2279
1846
9441
4200
8634
4534
8048
9063
7328
5336
2223
2932
5326
90
215
2584
4273
5953
1592
116
52
8365
9073
6689
3959
1354
6620
895
7602
4178
8036
4794
7110
6224
8643
2603
1628
9088
7885
9451
4972
9539
1907
8722
1308
2558
916
1261
6659
7201
6134
3357
5369
1205
6029
5196
333
4623
6902
2795
4354
321
2323
5447
2855
4256
9428
8586
5202
1936
2109
6622
6248
8443
2345
460
4059
7456
4939
9907
1921
3608
6317
8276
8893
6197
5560
3273
3020
4691
6734
518
1198
640
487
248
8078
9352
4694
2281
3840
3320
2551
7254
6870
6180
7943
7496
3232
2677
3200
1198
2478
5146
7296
9532
4930
7071
101
8973
4519
1515
6407
4819
6664
3587
305
2079
2702
5084
9453
8636
8282
6910
6588
150
6555
1811
3999
3592
5021
5295
4982
8707
8751
6986
9906
8810
2654
4825
1160
7770
5507
90
1380
1927
7189
1966
3335
178
5149
673
3487
6663
517
2788
5570
6962
8347
7436
4343
1729
6072
7059
801
2085
7991
4541
6648
2274
9812
885
3718
2086
8339
373
3899
3206
1274
3685
1453
5364
4604
2922
5359
7597
5379
1792
5181
8543
1561
7266
433
439
4227
326
1797
7928
3755
1270
198
7592
4088
6313
5250
7220
3884
8128
3214
1860
8442
9275
1781
9162
4162
764
5281
3667
9770
3956
1343
8752
4506
8410
4579
1742
4052
9914
6407
5313
2687
1898
1425
5311
3807
6711
4848
8489
8354
9342
962
6613
6841
3414
6982
7686
4753
1659
3800
237
9421
6422
9839
3081
7986
2615
159
7913
830
5285
3563
9843
54
8268
3451
5469
1691
8581
4261
2200
8056
3811
3387
6076
9163
4281
6753
4830
6989
2490
1226
7743
7872
5448
4158
9198
468
3374
2314
670
4054
4169
468
6834
5301
3441
1704
2068
4450
2453
1732
405
4963
8516
9661
7390
3556
440
6460
6437
3932
5837
2873
1468
4759
1536
9906
3252
5925
3042
2808
8367
3854
7468
5014
4770
2832
2076
5422
6441
5287
6397
3170
3140
1271
293
4220
8255
6633
6503
4267
8496
2704
9929
2218
9353
9015
8657
4607
7150
2264
9912
9133
1024
5979
5472
8310
856
9034
3522
5136
4831
6830
1840
8002
8218
7351
9113
732
5939
5804
3611
5393
5378
5965
4914
946
4939
6914
3886
7703
2544
8915
4355
9548
7015
8898
9131
903
9287
72
5782
4322
3100
1579
6113
5065
7434
7881
8900
81
1565
4787
454
290
3855
6953
9979
419
8211
9502
6557
4209
6735
2296
4920
3179
8518
2150
4399
5469
9987
5918
2189
2567
1058
1826
7318
9530
8568
9470
6252
798
3139
7489
1949
6419
3515
1542
7737
7346
5368
3102
7809
4894
1502
315
3499
4413
403
3995
6098
9549
5473
6911
2602
6421
278
6151
4962
3513
8392
8365
1970
8233
4791
3178
8324
9223
4843
5768
4047
7219
8236
2854
5198
8244
5873
1233
5039
2229
6928
4085
5927
2986
5347
4800
6370
8238
2476
6335
3865
7723
527
5048
8061
7796
6526
9218
3743
8722
7346
5781
9570
1129
1668
6506
5816
7191
8044
9662
1736
3833
9297
841
801
825
1887
2661
3465
7175
7719
4493
4783
9491
7008
1619
5518
6133
5723
4142
2642
585
9812
5007
6885
6586
3428
1358
2578
8554
292
9766
1771
7803
8204
8313
4406
3613
6649
2001
4674
8180
6860
3333
2759
9141
3759
6212
4876
14
1844
7344
66
1999
7910
1178
9213
9945
5568
3223
7394
3489
8700
1820
5228
1552
8979
5179
7305
5994
4643
3337
3618
2314
2848
3931
439
3686
7201
8157
2136
5860
59
9118
6193
2025
1211
5035
1053
5673
3836
6647
3723
2657
2920
6916
1038
4652
8219
9441
3918
2581
483
2064
2284
4938
7204
5683
4514
9674
8281
8562
6521
3339
6453
7435
1092
5802
2151
6998
2442
8864
3035
9172
2369
5917
2636
1508
38
4579
9368
801
3465
6706
6557
6044
9332
779
9855
4721
5372
8900
3051
1512
5489
3239
8373
6699
144
4183
7934
8351
1223
112
5954
7537
440
7561
4189
9966
1879
8457
590
7790
7773
1987
6819
1183
8399
3200
6132
3562
9881
8680
796
8915
8740
9420
7297
2434
2391
8979
9909
6745
953
9182
1893
754
1524
9034
2830
4279
5349
5330
7136
3517
4944
9359
8155
5085
8097
349
5110
6512
4541
6874
3166
2327
439
8686
4139
6181
382
9170
9535
681
4932
4558
5927
6075
3753
6115
6084
9058
8774
7138
2355
5232
4341
3383
8168
587
6605
933
1482
7257
1900
8639
1815
5719
2301
7441
2488
8902
3066
841
6288
1139
7627
2725
6014
6289
3547
6297
4625
1924
8539
2109
5899
5213
8384
385
7838
877
9848
5102
8068
6664
9098
2523
8795
7928
6667
6264
6172
5675
8285
9963
7692
3946
3298
7924
5420
1798
3598
751
9675
9073
1227
1318
7868
7350
8373
7632
7906
6391
2373
2250
2551
7361
9676
1121
7340
4158
5845
9513
9211
5110
9277
9724
7640
2947
2702
9762
8406
4848
4774
8250
614
9868
1159
2259
8265
1409
9000
1625
119
7884
1817
7455
6744
5833
3860
4469
2720
1884
3326
6
2936
2893
6172
8945
8599
5665
6307
2226
288
5010
376
1789
52
2283
8854
2870
760
7457
5005
4735
1265
4801
3367
7663
8316
338
6711
4603
6042
4743
8571
1572
1720
9108
8800
8686
3997
7193
8164
552
8989
2224
5254
9052
5483
3455
3946
1636
5147
3499
9224
1895
9364
2649
5108
6511
9509
9058
3801
7320
6495
9058
1775
8440
8703
5085
8139
2645
2607
5503
6293
455
978
9214
1877
172
9326
7583
903
7201
7895
6929
5614
9156
885
137
8772
6067
9271
2299
3806
5920
2769
5651
2206
5188
1073
9581
9075
348
5936
4167
4796
6021
7747
7936
5721
2848
17
6221
3682
9586
5039
8
4481
5130
9047
3557
5018
975
8728
1283
8763
5926
8454
9691
1118
2733
3330
8937
4507
343
1140
5556
458
4548
3028
9867
1255
3948
3385
7677
4110
9977
2217
8341
934
2414
4223
929
5066
3991
1002
6397
2866
8958
9313
4081
8224
8391
357
8452
5350
7257
5183
5099
6630
2890
6089
1265
5489
7525
1417
5301
5568
4826
6103
1483
1
3779
8127
8800
1321
271
3442
3918
8
3117
7239
8983
9115
4806
1055
6801
2714
7926
1814
9663
8881
8729
9285
8632
4828
4719
373
9191
1340
2171
7582
9390
1446
1054
925
3399
827
1290
7844
9368
4322
4278
7035
5826
7984
8366
836
2615
2442
8547
4252
6053
7938
7126
1822
1843
4893
204
8177
5175
965
8607
7266
866
5722
530
6716
6201
4883
2926
9427
9473
3106
7549
6225
9349
3190
1890
9400
7607
3594
6435
7174
1873
9802
4709
1286
6662
4582
403
8322
8971
3023
4026
6262
2443
5967
6595
3825
6683
9733
9517
165
2507
2765
583
4045
3045
9071
9640
5358
9302
7406
8347
1574
3670
6800
890
9633
7510
1357
2821
9531
7604
9696
4175
4832
7502
330
9062
638
9361
6118
3981
6396
9004
4424
1511
2516
6422
4111
114
1675
6665
4905
8686
5282
7577
9462
6857
4245
7029
9684
4456
9104
8729
1273
1924
4530
6637
6560
7086
8137
3550
7194
6608
7965
39
8901
5218
6825
1068
9963
4006
787
3298
4881
3456
1069
1694
272
6869
7892
3081
6369
6736
7558
3548
8800
2699
1761
4750
7987
8416
678
1063
8020
7083
2588
4928
6778
8699
7664
2186
5990
5350
8522
167
5913
8694
2044
5560
7315
3812
9315
3476
1622
463
6944
6818
9497
4169
4816
4660
1656
2527
2519
1088
6121
8962
2684
6508
650
7463
3822
7989
1845
6887
7828
1291
6181
8163
8289
5837
8835
697
9062
6380
665
956
3042
4927
8423
914
2453
9459
5140
9215
4498
5836
9148
6425
3794
1229
2344
3849
6725
1856
7324
3213
2244
594
4505
1068
7266
9198
5939
4535
7697
8324
7548
2232
7840
7398
5631
9690
5826
1263
3737
1893
1850
3248
4434
7956
7218
2377
7866
853
6187
6944
5918
5436
815
97
6457
6324
7218
7666
8919
9812
215
3425
5733
457
8463
1068
1444
1573
7500
5053
8125
8100
5828
7888
7534
8775
9776
3507
946
576
804
7081
8223
1736
4761
5610
1705
1312
9750
331
8068
6210
3774
8453
9127
211
4498
7685
2635
1991
1927
6335
6978
8497
2818
9711
8069
4662
9552
2302
6086
1005
1314
6590
804
6725
4646
5539
3725
834
1
7517
2702
1350
680
5334
7173
2584
1085
3236
9432
1156
3942
1883
8158
7535
8202
9138
2794
9125
6053
7361
4793
4592
6043
9108
9633
8599
9177
9886
3449
3393
6935
6750
88
5892
7401
5030
3109
7055
2037
7998
6253
9680
9679
4420
3108
8018
3119
5661
9490
1015
6357
4445
4015
3406
3635
6143
2505
4961
1928
4257
7041
3886
8396
8448
7991
2832
7079
9803
1674
8009
9661
4662
3153
5662
7252
2142
759
4767
6918
8035
1857
8194
2961
8503
475
6075
6236
8402
3329
6569
6853
6767
5034
5519
2757
6135
4542
110
9812
8616
120
2220
7449
1777
1926
8596
4458
7725
4525
154
7922
1657
6986
8120
5744
5972
6387
3065
1740
386
2684
6913
9972
6301
8166
9080
6149
4616
5249
4578
7398
9969
4898
2732
2045
5139
9408
5684
709
9333
5273
757
2711
5763
1953
4366
3861
3783
938
9294
9990
5987
2015
5263
6203
29
7418
5884
8176
8071
2742
2928
3134
3419
9886
2060
7262
2864
7076
3220
2456
1115
7390
8470
7241
2404
4059
8296
9043
2307
8692
6830
7358
8296
9629
8245
5996
3221
5210
2687
5915
6120
4719
2219
547
2168
3935
8032
2783
4635
7958
6726
8264
6769
4354
961
125
1473
5468
6666
9663
7711
4709
2220
6921
7590
1147
2056
5245
8311
5387
3910
4505
9806
8160
7369
9064
7870
6313
3533
7748
8281
8905
8863
5481
6941
7512
1177
4230
9390
7031
3448
5373
4588
2801
7564
2538
5409
8236
2524
7824
729
719
3940
3454
6494
8094
940
7664
9327
6064
4294
8898
6061
6530
5155
9391
2514
9780
6082
6664
2078
3809
9462
4273
2607
4284
5267
1237
460
9909
1077
3161
7758
139
9581
2110
6444
7212
4361
8320
8817
1832
5183
9948
6396
2148
6662
2078
9972
5258
5505
1672
8774
9773
4344
5246
5197
5274
6532
3150
9676
5626
4919
1854
4026
5252
1638
2734
7483
4639
8869
8092
7847
3973
77
2950
8954
7683
8588
4713
1591
1054
89
152
9306
1375
6322
8233
7768
3535
9076
6106
8389
2158
9590
2785
5570
6572
1107
4625
1232
9066
3282
5735
9462
4299
3619
8052
7882
8693
8537
9558
4176
5028
3950
7502
317
6781
3511
9670
2454
8463
4806
8716
2010
2005
1142
2759
5928
8232
6390
187
2958
1986
1381
7911
6464
5406
6822
1595
4881
3883
832
7142
9921
3039
6437
2542
8612
3960
6541
5049
6026
6974
6846
824
8592
164
9754
1284
818
4989
2422
7712
1227
9067
8130
8830
779
4930
8073
5310
2995
7164
9415
9648
2992
229
5890
9482
8978
4327
7286
2870
6216
1584
9233
563
314
2575
2968
4220
6723
2413
804
1509
6457
8664
8077
8689
1305
3851
689
4929
8484
2537
2336
279
1056
41
5207
856
1708
7243
7176
3952
5685
2633
9474
2544
9374
1849
8594
818
2527
8318
5382
6861
6700
5902
8138
5540
6688
8910
8705
1528
7063
3417
369
7886
4293
3632
3883
7132
1078
4411
7829
4972
8035
9053
1206
6179
5501
2102
6302
5035
1418
195
5311
3276
7737
3888
5260
6890
8339
9069
8141
4168
2816
5598
7900
7722
2067
668
207
5528
4468
5257
5042
1694
9720
449
1472
9728
3422
3643
5230
1995
8664
2943
1796
8919
388
8610
3881
9209
6486
557
1226
6212
5941
2892
902
5551
1663
9570
2521
7282
7721
3145
515
7498
3046
6087
804
2716
995
2300
279
6150
7773
9912
6664
1569
2144
6505
8387
803
1198
546
9611
1056
5864
2776
3411
3297
5627
6438
7932
1405
3162
8816
9628
7955
4131
8724
7927
6650
945
6844
9021
4464
638
2336
8384
3470
2371
9225
4304
4492
6301
9409
5140
9777
9677
1989
2023
7235
1997
4364
1965
6893
74
7473
6961
7871
6546
748
5501
590
8683
3632
2692
9532
782
333
1807
3522
8174
7557
3666
2714
6393
8908
9610
7242
5002
264
8086
2186
4072
1304
6495
8727
8782
9457
7862
4496
8968
7988
2248
5021
2903
6763
3216
9487
9521
4178
633
9842
8440
1602
6414
4176
6053
8968
3841
5679
8033
8597
1300
2842
8608
3055
503
7726
6378
6324
3294
3082
4055
5838
3422
3274
5782
3570
8085
3373
3467
5123
6435
2369
2179
9155
7736
5777
7429
7546
5867
8341
3446
1183
8565
2039
2489
5603
9112
7846
8625
9693
7903
5091
7557
224
7651
3017
4207
3736
2086
6010
4128
2163
7696
1252
8564
1293
5076
6898
973
9204
4671
5342
6783
9882
460
6037
5239
7993
2614
8275
2696
9969
7707
1437
8772
2764
1178
4478
3428
4818
9593
9145
3188
5512
8933
3517
8702
8868
7446
9894
5489
6796
4910
3248
5726
9772
2031
3223
1774
1045
8502
8378
9731
5123
1144
9214
3002
5367
4023
2382
1482
1267
4640
3167
1900
1429
6309
2690
5318
794
7234
1203
6742
8068
7198
8463
5063
1814
1328
3474
6403
3756
6059
8382
2694
3943
4200
2631
8058
9846
7999
6252
9956
8096
8865
4976
619
238
9684
1414
4304
5014
5948
2171
3614
9154
9379
2733
9471
8254
1189
8106
3545
7440
2202
211
3236
163
7008
3791
1944
1547
3941
8332
791
3453
7230
1008
4212
1111
2919
3246
2287
1242
9880
6035
4591
5688
5103
7872
2682
1608
9840
2371
3220
3911
4470
7582
5617
3880
8308
4025
8121
7068
1741
5154
1319
5837
2428
1827
5981
2740
6961
3804
5128
4634
2409
975
6380
6220
9897
7051
7308
3671
1910
2192
6904
5859
5139
6370
5987
8333
2184
7768
3823
5164
5004
3075
9928
7652
847
1996
842
3481
375
4870
1615
7595
693
9315
5561
6896
8978
7203
6456
7184
9211
2502
1929
7754
3558
595
4252
7603
9968
5249
5968
2558
5797
2178
8893
9495
7083
4096
5389
6570
764
4063
2551
609
878
5507
1434
8442
4336
8938
1411
3862
1923
9817
587
8942
9475
5845
5776
5217
1712
1224
5519
9304
6733
3892
2554
6442
2852
7203
1691
9275
932
8412
4229
9455
5001
3906
7427
9949
7335
5686
9345
7790
4018
3709
1555
6197
9180
1149
5669
7192
9180
3601
1327
8221
5031
8987
8069
480
3502
4921
1609
7120
4996
5392
9869
5098
8170
5333
9113
7532
2329
7643
8037
7068
8396
2518
3316
6833
8999
46
1133
1519
2871
8927
7847
9296
8376
9293
8672
350
9741
7877
9434
8525
7472
5967
9218
2661
3782
720
7135
6285
7581
1291
6852
3523
9652
663
5185
9384
3480
8348
6412
7496
1639
3175
8664
9927
2755
8717
6943
4823
8037
1308
1282
6150
1370
7805
8825
2132
911
9894
6745
3443
5412
4684
2145
8791
2096
197
6000
252
4450
3804
2968
5143
3502
8573
7559
5653
3980
8112
5048
9743
6105
4274
2117
1487
9272
8735
8582
45
1497
2861
3195
5666
612
993
9745
4941
4579
4900
7573
7107
9369
3264
8723
2721
7170
8437
3625
3086
3896
9449
8621
4044
9903
1259
7511
4397
3406
4968
7180
8289
1594
4455
89
8605
2545
7823
6456
5928
448
7672
7570
9072
2433
5534
1601
4186
9477
754
1073
2389
2026
188
338
9391
9225
9995
8572
5762
1407
4844
1136
1207
8629
7849
8999
3162
9150
8440
2282
9949
3500
7765
4588
9191
2144
7130
7544
2181
7996
2474
2290
1952
151
1421
781
7999
9404
1669
8905
627
7567
9360
9894
3456
3806
4134
3929
8620
6543
6882
1546
1808
6219
4014
3464
1803
9863
1830
5642
8134
379
783
7347
3554
2322
5393
8160
3118
7148
7230
2849
804
5043
8087
7329
6979
8632
5348
3396
7063
5913
6048
6749
644
6850
7912
8185
6786
3900
6920
7627
594
6294
1446
389
9727
3215
7738
5215
3104
9646
4442
7639
666
2734
2821
2038
1570
4697
8037
8171
6431
8719
4951
2134
4030
2403
4567
7875
8703
114
2148
6368
5389
4209
6834
4381
667
163
1679
4976
5594
1460
2797
5905
9703
1364
1214
9433
1841
1347
9454
6770
9448
6485
7194
810
5665
5779
6078
5786
8230
1566
1852
3309
1066
2528
7369
4368
3338
2577
705
6517
527
5634
9051
5731
976
4106
5303
8157
1317
139
6051
8365
6598
9840
1437
9005
2145
8133
7523
418
6731
9283
9814
4790
3582
295
7245
9328
1072
5053
1334
8642
5172
9886
743
3759
3626
4643
147
9127
7505
9077
952
6144
3213
3907
4724
5634
7924
2527
9816
2480
8514
4902
3493
142
6268
2937
6275
4195
5361
5164
8001
732
3533
5115
4934
3162
8567
1668
7238
3482
2346
2677
9264
6336
1425
6595
7924
8063
8267
932
3298
6550
831
2410
6653
8666
2569
1356
7775
7756
9905
3986
6262
8935
9389
3597
7500
7353
9069
688
4500
3163
1748
8175
3184
2143
1766
8771
3088
5061
2429
887
4677
1418
6966
4595
4899
6493
7832
6050
9988
7199
2388
8610
5306
3991
5736
2199
3181
6799
46
1452
9170
4990
1442
2151
9532
3475
576
8968
3868
6779
6571
6206
100
8767
715
1430
7706
9629
4686
6353
2488
2881
6623
3744
4303
751
435
9870
3484
6992
3184
1739
7267
4535
8280
6001
728
511
9636
9285
5965
7443
428
5691
2532
5945
7602
4790
7142
2411
2062
1995
7997
2692
7012
3537
3484
3924
4738
4615
4398
2224
645
5825
539
5385
6907
8177
6311
9543
2676
5694
4277
1425
1138
4020
6074
9788
5727
9703
5787
2030
3213
7077
136
3822
6088
3304
9986
8218
6136
2980
1959
515
3795
9443
1759
4553
8351
7978
7087
2655
4933
9544
6570
3803
2577
1451
9175
5468
5926
4766
4862
3992
6558
9075
7404
7633
4367
1481
1143
1060
6794
9978
3979
7182
508
8340
4786
9626
2919
2594
2514
7787
2283
8054
5472
7107
8222
421
3986
8286
1691
3551
1682
942
2694
5657
3215
7603
3278
7961
6190
9719
8187
8685
4221
371
2902
5225
7576
3953
5144
7323
7893
9936
3547
5068
7113
6093
3148
1782
7165
9413
1106
7884
2732
5011
3289
9371
8387
4839
7703
7115
2699
9238
7679
9457
2739
648
5540
8549
4421
3442
8437
3770
5867
7328
9543
8095
5403
9647
2272
626
9662
5652
7599
364
5118
2829
6394
9197
2525
7474
1599
6260
9555
2886
364
6938
2175
6320
7578
1436
5726
2337
851
5684
5834
1441
1668
8307
1865
3531
5966
1757
7015
321
7303
5088
5534
285
8797
786
3265
7766
4043
7047
5592
3419
9188
5868
4006
6335
5515
563
7958
8033
3381
4523
5780
4694
4519
5066
2184
5557
3673
3930
1324
2735
6044
2094
6655
2666
327
48
1699
8489
6717
3240
9376
8745
2235
1851
3451
3513
8941
6253
8306
2855
9248
7396
7566
4691
866
3291
1963
5379
4902
8207
1043
7875
4019
1082
1046
3718
3564
4473
1078
8781
6170
3996
3695
6515
6406
1866
5140
1699
7699
2399
8692
406
7607
3
4636
8029
8666
55
822
4807
1048
8718
3374
2895
5377
8710
4261
5494
2543
4163
6287
9416
3991
4598
3895
9469
2840
1631
4867
7839
4881
1244
850
2531
943
6540
5873
4294
7844
260
3133
53
2579
6605
3554
9225
9256
601
8290
781
1461
6000
3890
1997
3638
9051
942
2541
4150
3516
3741
1507
7595
824
2511
7202
6076
7442
5539
9508
9106
5190
740
851
9068
9198
2147
4212
5613
6212
4193
1712
6145
4005
3763
9328
3181
9054
2904
5173
1635
4966
2198
5826
7205
9848
6544
662
4129
6667
1108
3529
4170
6607
7728
1491
1751
4135
4757
7539
8981
5469
1300
6499
8104
3654
6837
6198
2110
6852
215
810
6068
5714
49
3136
6275
8063
6615
8612
594
1402
3673
1371
2863
7270
8933
6985
2583
9530
5164
1661
2418
7448
3041
4105
3229
2375
7134
385
415
4336
3025
8079
3997
4546
9924
3697
8889
3122
394
1776
1652
4146
7061
3069
1380
7916
3333
1018
6769
3804
9115
6051
1162
9048
6491
4343
2133
3196
6256
2199
9843
614
3257
3609
7489
8523
4977
3849
2955
3876
1036
1325
5051
6152
2222
6516
2959
7031
6598
5498
2601
1441
7767
2906
2943
8305
1383
4961
8787
793
9472
4362
8365
6779
1331
1132
8580
9857
1885
9916
1293
8281
9858
5040
890
3361
4102
2498
2531
4379
1211
4605
5841
6637
6500
6535
9767
2407
7303
8746
2684
818
609
3008
8723
6306
3268
7627
8108
775
5276
3327
4019
1382
1887
4269
8853
9103
3666
9996
1779
4603
1288
9494
7648
9235
549
6892
4468
1168
3057
7623
1875
8794
3945
9149
40
6431
559
3051
6410
7939
4737
2421
4049
4382
5303
6215
4402
7415
6054
5447
4661
9067
2145
202
4328
313
3312
4239
7916
605
7049
2172
605
1479
7738
6659
9055
1383
6648
8048
6660
8232
1505
5474
8491
22
110
2435
3170
3245
8469
7798
2508
5999
5499
1980
8877
178
1463
515
5586
4820
4289
1788
8637
9547
9225
6151
782
2126
900
6061
62
713
5840
9466
8693
6337
3401
773
8923
5029
1509
5645
3932
2524
7657
466
6116
3185
1807
3724
7353
9736
5375
2156
4232
9100
1258
8190
5128
2550
8229
7207
27
764
2322
8305
3347
2260
1147
9040
7953
4163
6440
160
7144
7702
5104
4109
6896
4972
5067
5391
4903
8782
7494
1472
5298
7324
4048
2267
6593
4758
1633
5474
8224
3091
4891
8556
3081
9713
5768
377
1495
4954
643
2931
5318
160
9427
36
9558
1093
9393
1022
1535
4089
5642
8443
2302
8608
4096
1601
9933
3615
