5000
7425
8834
243
1465
4163
2694
8615
1495
3973
209
517
8207
9594
4532
3096
1510
7610
2055
3120
6791
5585
1553
5755
9359
7059
7681
6271
6210
2077
8375
4243
7143
4535
6354
3566
535
2661
6151
1079
13
9821
2730
3211
6267
2739
5837
5053
2457
3247
4834
5736
2330
1344
3454
3024
1165
4266
4924
4791
8876
907
9946
315
2613
1420
9140
3516
355
1923
44
4700
1288
8661
4995
8639
8889
3960
4231
6033
8982
870
4456
1319
5476
5805
8184
9085
8617
8884
1007
7215
2084
3240
1064
9043
4230
9509
7820
4771
1617
416
2361
553
667
6225
5150
7508
447
4910
1222
3831
7824
2018
3038
6384
5195
1868
9093
1941
2248
4788
1599
2202
2076
1784
1861
8400
2223
3717
8125
6903
8725
3025
1810
6500
3691
8885
2544
1198
6879
1816
8638
9394
1020
6679
9544
359
8657
3729
8375
8620
13
6238
7344
445
138
4751
4646
7700
323
6272
4524
4123
7074
42
6507
4336
2810
7670
8076
7842
8014
3612
7235
1000
6189
2649
2281
3121
3739
7471
6500
870
6349
566
2037
2427
9712
7904
9117
4340
6086
8010
7101
4996
2638
3999
9401
1121
3359
5207
872
9108
9473
7948
6618
6300
7816
1517
6758
6930
8509
6075
8079
8391
4907
3889
9539
7113
4963
6352
8736
3652
7709
6264
6723
4886
3099
9939
3886
9083
5867
124
8373
5303
5162
6925
3574
8274
5935
6614
9779
2957
4811
5817
3692
8978
1515
6945
4333
2442
6247
7907
3842
4777
2683
2925
8051
7427
1295
2716
5344
4978
8580
3433
5466
5775
9358
3539
9019
4462
2985
6648
8771
6806
3433
4380
8288
6333
4338
8429
2841
275
7024
9837
5927
8581
6596
1806
8001
1442
7372
3948
8274
858
2670
7907
6073
9393
2081
546
1469
1043
3591
2247
187
5922
9595
6842
1757
1003
6019
1270
8121
8679
7682
9890
419
6189
3773
3469
1232
7813
551
8840
2056
9831
1292
9437
9319
8561
4999
9101
9120
199
5232
5480
4894
8693
6501
4997
681
880
1395
4530
9105
427
4449
9765
4395
8742
9001
6656
1909
9104
8789
9955
2438
3917
1346
8556
5335
9538
627
4409
1289
3261
4533
9454
2641
850
9210
3746
3191
241
2469
4596
3223
9779
625
9339
8081
9394
9213
7994
9907
6312
9800
9779
4225
8912
837
4066
3870
5609
3819
6554
9274
4313
7276
3726
9048
5454
8336
9061
4059
6576
7197
7520
9900
2770
8437
3208
8715
1271
8140
4784
1279
4833
5397
7658
635
6756
1768
8597
784
2777
4786
1988
9289
9711
8376
2490
4247
2876
7705
3825
6553
1378
4720
8779
2871
3900
1331
2575
6299
3063
9979
4181
7885
7566
5424
6477
3050
8429
6751
1673
7216
2775
4411
9386
1289
1571
3934
7640
3233
8017
5498
1612
4517
2363
2385
5111
4298
8214
6877
4054
9831
7752
6029
5453
2097
3459
5004
5343
4593
15
3855
3888
4883
5206
6507
7794
686
2713
9617
5547
7051
8337
1240
2104
276
5183
2997
9195
3242
1540
9304
5567
6499
3692
342
6876
4318
6965
5039
3078
1396
927
3404
1312
2285
1339
599
6558
8668
9221
1926
7768
6376
6542
2485
3386
8296
4562
2095
6392
283
7065
5225
5519
4865
5049
4699
167
6521
5640
3180
2180
2295
6239
6664
1804
1505
4330
7057
7555
4583
5275
9440
1009
654
9503
6550
470
5495
9641
7091
1764
9440
74
9106
8250
1974
9186
4479
4145
3061
415
4534
8190
1615
7668
4602
4392
6868
4870
6414
5428
2340
192
8835
4541
5038
4390
8287
3519
5540
2390
3862
6194
8830
2666
7352
2627
6199
4346
1031
2286
7639
2255
146
9528
4030
3122
2163
4217
7834
3139
8322
8487
5222
9622
884
1453
1951
4007
6548
4890
7091
2814
6955
6550
9560
8398
4831
6112
4135
6055
6822
7746
7411
7835
1429
838
6170
5710
9113
7698
1862
2534
1041
6542
4720
9778
5686
9254
8675
9223
1160
7755
9560
6405
2663
5908
8899
1497
8251
9251
4057
1100
9792
9442
9725
6072
4257
5995
2998
8746
4383
6103
4349
8883
9631
8590
8728
9464
8830
5133
7679
3290
1425
8134
6584
2976
6781
3089
1555
6944
6447
7281
8836
3884
7786
6545
5880
4745
1851
9084
933
3867
1690
6508
3939
5901
9263
1083
1857
6077
4079
4197
2166
8803
1474
9327
5125
2209
4161
4272
9820
2294
353
2413
5529
4013
7591
2275
3048
5139
2599
6925
1294
9478
3133
7638
3963
4376
3591
504
5248
3059
637
4275
573
1958
4318
4345
1349
5182
9304
8390
65
6848
7044
3101
6205
8002
5004
7869
1459
8537
4905
8626
338
1613
3117
8504
6554
1241
4586
1131
4727
3087
2349
9098
1016
5800
9243
1689
1307
713
6166
6357
9863
7025
8059
8451
7205
4111
6796
3138
8667
7216
9813
6687
582
9606
1325
2742
7476
5892
3787
5334
5756
6358
6066
6158
5498
8061
6939
6291
155
6872
9821
9619
4161
9086
44
4340
8803
6712
5467
7206
5573
3644
3231
7831
8847
4163
9409
4117
1740
5580
6911
6238
3202
1082
65
3075
1240
2584
9747
3931
6185
13
3699
5236
8564
891
9529
8196
5085
3777
2254
8541
3172
8640
5114
7279
9904
2954
8750
296
4535
2646
7035
6566
1420
9776
6221
4045
1078
1566
2471
6228
3385
4382
8668
3930
3300
7227
5575
9126
7862
1198
9400
5164
6461
5984
956
8155
7933
8605
6391
5091
4697
5285
9377
3620
6465
6125
4122
6561
856
2450
3707
3572
8816
189
8635
6443
2660
6066
1146
7664
8098
7523
1502
8742
4484
3281
2935
9743
8986
690
2993
7210
9973
9214
5606
8426
4946
3987
8813
98
8593
2809
8563
4157
3104
4960
5300
1082
5945
2037
8566
852
4086
932
8819
8863
364
6439
5265
62
6667
1756
4367
3826
4704
9348
558
1149
564
5912
5065
485
8885
3526
9315
1908
7519
1594
236
523
2935
7176
4783
6007
772
2037
1547
8364
186
6885
5420
9998
7060
1118
8677
2414
3885
4140
4013
3377
5404
9454
9875
8125
8138
1854
159
2268
6864
7806
4358
3331
3697
4302
6937
9820
7602
9050
4171
1664
2674
8751
7933
2561
9578
3518
8168
8354
4242
5337
1238
5722
1596
5579
9598
13
5970
6293
5178
8635
9079
9586
2023
6613
1036
5915
2328
729
1282
4183
902
4159
4199
3258
296
1131
7055
5663
2907
4451
6144
9584
6703
539
5050
4050
7198
8316
7457
8765
3370
7731
4185
6969
7921
1637
6332
5717
7871
5680
3290
3232
2833
3677
9998
4010
5073
3650
8121
3861
9059
6212
1726
9909
9387
777
5081
9958
9544
9211
3309
3901
1345
905
5336
9239
6843
4104
4501
1053
2884
3814
9597
5577
9951
4751
2475
7730
7900
248
4347
483
9987
2697
4654
3643
9373
424
5981
8061
1168
5472
1815
2087
6613
7201
7594
8799
695
1968
3162
6233
1481
3599
7968
8310
7572
1432
5841
7671
1437
7090
4953
703
3904
7590
3397
9286
6043
2844
2731
7562
1720
6606
3334
575
2312
9646
8673
3655
8393
2515
3631
8525
6420
5119
7349
4299
9397
9276
2309
8812
9112
3396
8312
7932
5980
1376
8039
5339
5783
2472
3237
9040
1782
7322
4652
938
8879
3189
2819
5730
437
8741
6249
5964
9847
5817
5778
6269
518
2095
2731
326
3744
210
7226
8718
8894
4682
5991
5246
8470
4530
1889
7365
3182
8022
5886
1052
9870
5979
9491
5092
5280
9576
6460
555
9143
4914
8617
8462
7865
5302
7158
2536
6907
4240
9253
1753
2423
2600
9369
7954
3596
1612
2466
1340
4963
2808
6448
7080
8233
401
5173
8257
7678
242
9948
5166
6024
8702
1664
7027
9796
3076
5131
1143
459
7905
4444
6337
9597
5711
4099
7419
5981
6538
3180
9209
1161
6675
4357
4451
9700
5710
1758
1453
4369
9270
7452
6632
734
7217
1754
4337
2171
7534
1421
2295
1526
9050
6243
8602
9188
6674
3383
1247
8429
5730
259
4672
3285
348
3682
9776
1907
1221
3456
8780
8912
2953
6881
2557
3149
7070
4123
9322
2625
5366
8802
5867
590
4975
3582
8136
7455
7045
5610
159
2208
4246
4475
6869
9194
1478
6395
6355
7929
6633
7713
7346
3964
1742
7935
7154
729
3211
2808
5395
1338
8370
3436
2295
1144
5315
4113
479
1778
8844
5679
5665
4346
2300
5400
7227
332
6181
1283
2386
1084
2927
8164
3523
6251
5145
9305
2538
2566
4826
8611
5201
5531
8613
1071
320
1640
8300
3360
963
7058
8108
2651
4905
8287
6134
4015
1224
5232
8013
9167
6398
1311
8491
2541
7939
8977
8574
3924
7178
9335
6528
9170
4022
3159
9380
2080
5577
6162
8556
9472
1720
4130
4136
4466
8282
3250
4024
7507
6063
5146
9859
8818
9054
4709
7712
8976
902
7040
4913
1380
1686
7458
1104
8472
3544
211
8050
3779
4696
234
1944
3892
1794
822
1668
9799
6985
473
7592
9848
5156
9596
6906
4593
5812
4659
1155
3601
896
2287
5463
140
7297
4697
2016
9417
617
7330
979
7004
4702
9812
996
8575
2309
563
2276
1583
9642
4502
9992
9970
2043
9341
774
3008
4068
8798
9961
2085
4454
4383
6419
6945
9680
4562
4626
5705
975
8280
8683
1726
2529
3651
3859
8183
3798
6333
1517
2254
6159
1502
8477
181
7593
7614
4731
2787
7651
2040
7364
3278
6522
7142
9322
9654
6502
3775
9195
3244
5245
8426
3839
4350
6181
1565
4666
2464
7639
2166
706
6072
3407
726
2203
7717
8400
549
2766
4797
7540
1126
9848
3154
7489
9528
3390
3616
2087
565
6127
9942
6262
8011
4994
8383
8701
7812
5517
7260
7901
949
6343
9520
780
6512
8742
2887
4821
7637
1506
9107
8060
6844
9067
36
7999
4936
8181
7027
2185
3192
8385
1372
5856
1679
1336
8806
5694
3214
8256
9361
9996
3275
7681
9722
6794
6417
433
4813
1148
3251
8827
7336
2127
6014
9743
9176
553
5978
8131
6035
6765
2940
7238
3873
6702
6443
5061
7927
7403
8749
4087
4433
3385
4622
2883
9996
7326
6093
5921
8493
8121
3618
7070
9425
1024
8447
4697
6738
5121
8483
7418
9779
1993
5589
451
6361
2707
8723
3726
4805
697
4102
3925
5282
2854
4273
3457
712
2988
8407
2346
5674
8528
3095
6590
290
3235
5429
5037
8663
6140
998
8608
6248
8465
7223
6633
3096
5285
2410
5734
6422
6555
2414
240
7655
9384
9977
2560
7298
7335
1333
8128
6104
550
1301
1215
5358
509
5059
3694
2585
8111
2567
1480
8757
8489
2293
4751
690
1927
8836
2289
9451
7462
4439
8682
964
3236
4361
3458
847
8803
8058
2887
7323
541
2256
2149
587
6626
5468
9666
4510
7036
7899
7527
9727
7059
5077
6136
2427
2429
6821
5876
2971
6653
5269
9447
1965
2844
6950
8221
7619
2405
3289
2418
2808
2746
9917
2021
1354
4341
309
9243
3257
5065
9861
4639
7786
3638
1497
1655
6696
1883
5570
4514
952
4565
2350
7485
647
6070
771
5749
3858
5281
2600
4454
2434
6562
3823
1026
8546
7738
8467
6062
3182
1912
5722
5702
5818
324
1639
5041
3932
7796
2111
2415
9079
1601
2277
6078
7316
3604
2804
9900
4223
8362
1609
1367
7644
8839
1147
8624
8101
4519
2520
975
1969
303
6125
895
1394
9889
5457
1370
9178
3038
9823
7359
5259
9990
3614
1039
1770
1084
654
9672
7167
2709
6449
3529
8812
8463
3444
8276
5863
3821
4953
609
3990
80
642
7551
2742
338
1756
8053
3288
5612
9750
5415
681
7496
8364
4756
6492
7824
3188
5132
3926
3029
5828
5151
5669
9484
3454
4081
4142
211
9466
5881
4146
6337
2414
201
3452
3787
3196
4632
2569
1554
9224
4138
9973
1850
4997
1665
990
4390
2939
9741
6471
3855
8023
1727
1563
9236
3774
6811
3564
8730
1103
11
2807
7972
9237
6289
822
9039
7269
1429
8706
4660
8810
8652
5682
8928
8235
6281
3812
8545
8566
5725
6119
1270
9467
8059
9155
3241
7464
1846
8406
7065
5820
3787
9355
3103
4809
187
377
8738
1419
7009
7253
7446
1152
2434
6325
9072
7699
3730
2051
1796
281
3266
1226
815
9223
5191
9807
6049
2414
4743
2751
5938
8053
7629
6817
2069
9953
9356
2952
4553
610
9087
872
2716
1661
1103
5106
7835
610
3518
1229
1749
617
8016
9187
4589
3150
633
7125
2382
8470
5873
7292
8505
7853
4548
8749
937
1278
6919
3480
584
3502
5061
3966
7178
3941
4567
3148
423
634
9585
4568
7623
2745
7961
4695
3717
9492
8419
7960
3398
68
8232
7089
9747
4826
1670
9108
849
6310
7328
2349
4930
2019
4229
5579
4725
6109
8398
2456
8792
5264
4545
3447
8877
1438
3219
7833
5291
5932
3418
1084
3259
2699
7969
785
4979
1886
6292
1528
5152
396
4795
4810
300
2228
4228
8291
7295
9960
41
1626
7841
6632
5472
2782
3485
3339
1393
2078
6690
8060
2642
7925
2579
3007
5247
4433
8238
3935
9701
8895
5898
7493
6573
3908
1833
8615
6326
3610
8109
4810
7899
9397
4279
2741
4964
6657
9178
2709
5992
8490
6958
3894
6335
2727
9473
9877
4310
1364
3432
7167
1740
555
9075
2740
2777
8623
4094
1550
463
532
6131
4056
9720
5550
9981
253
94
2516
8936
1759
9466
625
7444
6176
6069
7607
2073
1168
1994
8432
3604
3427
5964
8882
8383
7022
7283
8366
1502
4382
4562
9782
69
8293
1156
3288
8152
2275
2869
1020
3099
2125
4717
5766
9496
7884
727
8792
4062
6724
7328
2887
2966
6959
7322
1591
3153
614
6112
2694
9822
3851
4532
8387
8328
7510
4564
6137
203
5818
3292
2699
8423
3507
6756
5934
4125
3887
1386
5869
3430
1622
5803
8333
7859
5255
4058
830
9279
1520
6067
1835
5681
9177
3945
7358
4718
2542
8923
4691
27
5208
4742
279
8352
8039
7300
6972
9671
5693
4082
5996
5316
3113
9455
7672
3311
4191
384
5196
2524
5729
7088
672
3372
6236
9941
8637
2012
2898
2574
9514
4523
3391
4680
5907
3754
5466
7760
9301
8604
1386
3234
1928
4300
3906
6080
2409
8525
7259
7839
7571
4028
2972
4044
3546
4403
6888
9627
7972
3959
197
8143
6723
8688
1908
3190
4179
9593
418
1516
2157
3389
7034
7552
2310
9026
6564
2371
2615
5138
2606
1068
2377
9827
758
4937
2509
6904
3265
3649
709
1489
5275
2052
9714
4254
8635
8611
9003
5585
4130
9996
4087
9616
321
6590
8488
8026
3428
9019
8644
6289
4302
523
3105
9989
1202
1261
5452
6978
5451
4841
6101
1984
9961
4320
8043
2888
1608
8309
2736
8198
7311
2629
8696
1705
6722
9793
5476
9768
9285
3389
8101
5759
5053
1344
5615
4471
7076
5708
1340
1651
5065
4872
3833
9894
6162
6728
5281
1186
623
8286
5508
7708
9356
7898
7588
7883
9667
1597
3900
1200
7803
1323
7278
4271
5729
3759
7255
4811
7009
4728
3552
8367
7649
9745
5284
5145
9626
7503
5785
5633
8436
1715
8589
9175
8574
3679
4911
4923
9590
3605
7046
4038
2603
7467
4178
6678
3756
4123
7149
9158
5308
3047
5741
3388
949
4922
3370
9115
9254
4489
438
8409
2571
2536
7118
4011
7127
5033
7340
3901
2513
9183
2533
7790
7496
7552
6966
4679
83
7609
6774
7468
8234
2892
263
9291
9307
5781
9007
3810
954
4714
1310
461
1192
1616
3099
8172
2270
2218
2831
5843
2790
2413
1789
2412
7718
5423
3053
5703
1371
8701
6420
4625
3134
6252
7490
3410
6645
3239
5207
4272
9880
4327
6226
962
2414
4465
5192
7295
1477
3464
5758
164
3754
5828
8755
2164
3034
7563
908
969
8038
9691
4525
3865
7548
7257
273
9829
2856
9044
1447
3115
9927
6819
4969
7547
2147
5021
6873
2102
224
3367
939
2978
7937
3319
3545
5450
7368
472
2503
1730
7545
9814
1124
3401
361
1113
3881
6775
6088
6351
9313
3702
1592
3250
789
1181
4425
1000
6803
8054
6371
1449
3802
3617
2351
2892
2773
7746
5715
4730
8482
790
6231
7796
7821
2531
216
3279
1085
1357
1001
925
6539
1108
7105
9128
2731
859
7702
9096
4041
676
4483
132
2401
2918
6184
2709
7402
4976
9343
8261
3024
9624
38
9495
940
6364
5854
7904
9075
506
3183
9378
7848
7019
4742
458
1390
1178
2556
6064
5342
1474
5812
3675
18
6053
6256
503
6444
5513
1104
8862
7781
1724
4729
1795
9430
6505
2894
2863
700
211
7518
6146
7836
5102
6057
7387
6419
9741
3600
739
2840
613
6456
1939
8689
7137
4891
1942
8191
8975
8091
7944
6583
6823
5811
4302
4061
5628
9837
3104
1887
7307
6361
1281
6891
8689
1249
671
2878
3657
4694
998
3803
8978
6597
6191
7908
142
2844
5877
6343
823
3460
5304
7192
653
8090
2682
2327
859
2269
2487
2686
9559
1798
3330
7514
5159
6479
6555
4867
4241
5522
2461
6185
9947
1551
4067
5997
9826
4521
7610
25
6582
8301
5921
3837
8161
9376
8061
7335
4680
8997
2041
5310
5594
3928
4667
843
4390
409
2834
6117
8922
9720
3211
7207
4214
3897
4003
3152
2606
260
7271
5991
94
9165
9671
2457
8616
6539
7113
4289
57
150
361
3922
4889
9714
1214
9940
2273
3507
4968
568
9463
715
9189
4074
8645
7431
2468
674
168
787
9873
5671
5748
3733
8606
8353
1589
7597
1858
9081
4032
5207
3259
2479
4088
7737
6384
1512
876
1023
5265
6386
6573
881
2080
5013
5614
5838
3240
2807
2068
8728
6827
6156
5805
3915
6074
9257
3757
7915
9214
819
3
6761
7188
9609
5002
2689
9284
8859
1915
7124
6706
773
7184
5821
3277
572
4611
6833
6918
1123
8357
7832
8187
9674
6283
8979
9888
9172
5763
4329
6719
2004
5892
4210
9334
1667
963
6719
9151
9745
6866
9843
8894
8230
9875
8194
9411
8067
554
4549
6927
7049
6752
71
3
5253
9588
688
2739
6567
1660
8779
6954
7102
4521
6709
7848
5539
2024
389
278
9950
9445
4370
6761
9608
266
3974
9477
7102
1670
6701
361
7758
6040
5033
6056
2386
2170
2006
6664
4278
6651
7989
7315
8775
8933
3463
8603
4074
269
6023
3163
5398
2968
2821
4232
7440
90
9179
8934
9185
554
1629
1671
6550
9570
7202
2942
9715
9875
2393
5698
7412
117
3722
2126
8978
7339
9515
2229
3167
9637
667
6290
6318
1839
3151
6990
8290
8807
1750
1771
6657
7388
3770
9293
9428
9570
2822
3048
5726
9137
1263
1637
1206
9645
8960
5518
3939
193
5350
1320
9700
9253
1428
353
6329
6158
2676
7375
8673
2676
5787
3176
9232
9151
72
8911
637
6826
2761
2780
7974
7754
7081
5285
4992
3992
4650
7592
2255
9578
1051
5083
61
4096
438
7690
987
4921
9913
2159
4482
1782
9854
176
4452
7350
5529
6818
7092
513
9550
8668
1743
4209
8285
2566
4229
1642
8859
7696
6856
8969
7790
5103
3312
8362
308
1474
4648
1524
7377
3267
2904
5328
2371
3833
7632
8919
3443
1673
7310
9593
6779
2381
1709
1033
7006
2605
666
6405
24
7338
2804
1668
5892
442
4911
8745
8388
6461
564
3268
8112
2318
1625
3255
9182
8453
4776
6693
8442
2025
9231
726
7250
4435
5732
2392
2977
541
9491
4976
6246
2921
7189
3246
7392
5615
4030
8638
5160
2190
3892
5867
4123
4468
4983
7758
6323
4121
2161
228
5041
1157
8763
589
8904
3281
9897
33
4713
4203
2851
2589
6919
947
7569
8075
4230
4242
739
3216
1317
8699
1450
6558
7589
9721
118
1258
6037
24
8061
2552
9916
400
8293
2802
7618
3100
8382
4408
1690
1865
3071
7681
3120
9258
6971
8111
2827
2888
288
832
1808
4678
5340
7617
467
9890
204
3326
9626
4616
6690
2789
1599
2609
4978
5624
2482
6840
4585
2528
6633
8461
3179
8431
5733
883
2967
3870
2403
564
2681
8005
5851
2612
5197
361
2152
6674
7531
9471
7316
3867
3203
9183
4704
441
2517
7908
4189
793
3421
6143
6090
42
6186
8299
7866
7441
1562
5900
6161
8426
2180
4497
2043
6489
8769
1320
8361
1742
983
9824
4024
1894
9156
9882
5216
2926
7427
4057
5895
4419
5822
3256
9231
1285
2625
2506
3123
4330
6774
5741
3385
5134
1139
9960
5779
4600
2076
7955
1720
632
7957
4278
3899
2253
7273
9530
9509
9539
5024
8059
3668
8057
9824
5375
3998
9489
9539
9856
8163
7232
705
901
751
5109
9194
4463
6361
326
4242
9375
4396
1494
4313
1989
8991
8084
8422
6323
7938
925
5439
4768
6583
7648
3848
680
1595
6082
6790
1856
1248
4056
2814
3096
3736
3394
5022
3273
4656
4488
4616
5646
3495
6571
2295
4624
6713
222
5199
3113
6748
5118
2053
7545
2758
5580
5752
4935
6441
156
7643
7311
2108
3734
1441
1322
9000
3417
2499
2699
5724
6495
1040
9286
141
2300
6610
5867
7773
4032
3129
8976
5510
8652
8070
3981
564
3137
3958
9136
6236
6676
3849
9488
3469
2077
6558
9135
3218
3119
6733
5849
6720
8018
5696
9113
514
7564
7535
4539
1951
7038
359
236
3685
5050
6582
2557
2132
2595
9877
4903
6665
8605
9586
4296
2005
163
2745
6763
186
9511
8143
134
7874
1795
4923
8989
5147
1375
3937
7748
9891
684
4028
2897
6491
4429
7704
224
2859
5509
1465
5664
1619
4651
5307
4682
2713
5994
5287
6482
8020
7013
878
2119
4148
264
261
6084
7355
1673
5213
7529
9900
189
8782
3587
3423
5208
1088
6200
6030
8892
8086
5711
5359
8098
9639
6043
958
5991
2026
4713
7333
6925
2109
2223
1867
8387
5234
6868
1815
9647
3143
3054
3600
5831
1009
9207
2419
6799
3748
2217
5199
5692
4737
7624
192
5847
3884
559
2518
2589
7272
1842
9505
6212
3778
9474
3323
6296
7943
1680
2274
5300
771
3625
1041
428
8871
6975
3163
4406
8534
2648
2643
1401
4748
9455
1498
1373
7147
649
2134
4242
2532
5250
3227
1885
3455
8950
9864
1677
5750
7963
1169
7724
5796
7099
5621
5553
3605
4816
4155
338
6298
1064
974
9430
4685
5816
9218
3176
3387
7021
6401
8824
114
1693
6551
1996
6712
6428
4854
5476
1189
6555
6615
955
5583
6539
9406
2185
128
511
4312
2837
470
3982
5412
3560
2183
5768
6683
9037
2606
6528
8941
6868
2614
7608
9098
470
5778
331
7945
9250
9143
2163
1304
9254
3847
9450
5425
9146
3499
3886
230
7782
9772
910
6521
1043
574
8513
506
3999
6665
1094
9789
8074
9045
7829
5175
2062
7249
8164
2613
4891
6064
2310
4185
5136
8145
2543
498
6790
4698
354
7975
8838
3488
4411
768
891
102
5768
5922
5922
4783
9154
4356
9406
6721
9402
6114
6696
8536
7422
7966
4227
5060
4122
2285
8717
801
4619
3141
498
3201
8560
2305
4955
2040
2009
7087
9172
4035
49
1303
2058
8117
6280
264
6595
736
7577
9056
4872
5261
8411
7335
5469
312
3218
6137
8866
7930
4853
4718
7410
4276
3834
9592
88
4694
686
1257
3137
3257
705
4734
4012
3215
333
1979
9934
6485
4071
1300
3267
8449
5055
7494
7775
5470
6802
9120
8370
6498
143
6609
6729
9432
358
4399
3777
9886
9563
5345
599
8461
9386
3146
9387
768
5541
3203
8883
8836
5753
8275
2348
2427
4927
7485
9003
6924
2510
4870
2801
9338
685
7922
445
9823
2774
842
3963
4438
9910
3212
6250
1762
3266
5408
2507
5261
5827
9890
4614
9889
5586
848
7831
8173
6430
4305
7941
9157
7802
9424
7859
7401
8148
5573
6800
8223
2736
1118
4425
2671
3203
8239
9582
3084
5931
4451
7361
7898
9772
1021
1370
3248
5765
4368
2392
4540
6849
4679
675
8621
1466
7089
3245
1841
8408
317
3239
7595
3270
8814
8799
6320
8261
9948
6230
5151
3322
8631
6096
8667
8339
824
357
5126
1352
2453
148
4939
2268
5441
1287
4296
5666
3630
3938
8614
668
2448
9269
1879
8894
3167
2993
555
1169
8264
7143
543
4516
1313
6780
6403
2605
1575
553
3845
2445
9942
2462
1071
7410
20
9670
6762
5638
474
2726
9406
6420
7088
5408
9735
6250
2436
532
3637
1434
311
5765
4528
7547
3332
8729
6790
477
6910
299
643
506
2212
9227
1052
4519
4468
8948
8424
6154
7178
4606
8699
1269
7394
1786
3200
3328
9298
2651
5394
9045
1197
1284
1847
8453
37
8860
9434
712
1120
7566
5219
2274
3798
3101
9301
1344
1348
5413
6836
4818
7616
4189
8001
243
7226
6616
8484
1779
3467
3082
9317
1542
45
5304
9271
3333
9319
7368
7457
7810
6259
5592
3529
6888
2429
1370
703
5457
1418
6445
132
6722
787
2407
5398
8545
9965
7022
1561
647
9990
6774
3491
1983
9197
9988
5763
926
3406
2673
6991
1373
4410
8139
4922
1682
7775
3205
8414
2141
3161
8111
4603
7566
7220
6096
364
7812
2333
2431
3186
4143
8404
7762
7839
4919
2176
1517
177
4694
703
5692
5546
944
7640
2700
2328
5507
9391
3731
8645
6857
1876
9808
1677
2858
9881
9581
3095
4975
4238
1281
9779
705
6635
2866
206
2560
361
1367
2901
2575
7741
3372
8500
8125
418
5343
6393
8159
3698
5383
8153
6680
273
3172
8814
9226
7158
7505
6269
2038
1862
9334
8080
5280
351
7242
4292
4366
3838
9254
6113
3551
2125
6965
5425
8520
2541
3367
2655
5450
7595
6885
8830
8207
7794
8974
8035
7091
6686
1296
4960
2239
408
8611
253
9248
7043
3871
9941
358
4593
7549
3274
9177
3698
4155
4406
2038
9803
2313
9968
375
4751
3169
9335
8897
8621
9108
8366
6519
1141
6878
9124
9692
2808
635
191
2629
3691
4084
9876
7020
1191
9122
9925
1921
9537
9571
2663
8411
2609
5497
2783
9116
5697
2912
8553
3123
5700
5736
7685
8907
528
8032
5870
5553
9033
3940
4600
8515
3740
2029
4326
7875
5796
5831
6677
7531
4333
4560
9640
6490
5027
8587
2096
4764
1541
788
8792
1656
748
7295
7659
7379
1714
1689
8066
5779
3121
7776
1774
5198
9545
5583
1022
8416
4428
2209
3262
6906
8250
1702
8284
8888
8949
6835
136
4251
672
7092
5271
3973
6633
5309
5252
6532
6351
7118
4500
4453
8098
2660
8788
5114
7654
6604
9569
1110
7811
6147
4900
2132
3949
1417
5144
2024
1530
8292
3705
173
8949
6785
9947
3182
9375
6293
2868
2784
9692
3521
2727
5196
3217
6308
846
4187
3208
7770
1187
7593
8157
3011
6075
2828
2713
7774
4064
1646
1384
1316
5049
406
3833
9569
1624
1878
7937
7052
7759
5021
3197
7752
1712
8011
8146
8292
1888
693
3650
6861
8232
6351
1134
5811
5688
1126
6226
8152
8695
2000
7922
4661
6651
8970
8479
6551
2289
2513
9173
9782
2778
6653
2628
1383
6211
7991
1225
2663
1807
1820
5081
6679
2739
3929
4586
5160
1501
1686
1917
2236
6850
2095
9579
8091
6387
2797
6811
9815
5019
3156
8670
5975
6392
3509
9943
3424
6355
1092
3866
1186
1277
7044
4272
9726
2040
1646
3380
7990
9488
1152
5838
2972
7316
1170
8841
7340
9317
820
5170
8598
5529
2355
6751
3651
2284
7610
8778
8633
9925
9189
9017
5481
2384
8257
7100
7686
5165
9471
4786
1584
6244
8056
6407
510
8386
8666
1422
7946
9829
7889
7511
1063
6241
5745
2270
9869
7276
543
9264
7941
6300
6799
9290
3424
4971
7655
2512
1889
5492
2707
6070
6379
9821
5938
2862
1749
5328
3150
4271
8731
3128
9257
8127
1742
1029
9058
6957
3867
3291
1655
93
9880
3789
469
9281
682
5138
6842
5616
3189
5953
8540
8293
5707
8223
9490
2807
4630
3218
9520
6784
8736
1664
4480
8861
3759
5449
1931
9329
8991
7774
4088
6134
4135
2412
9147
2961
285
7705
2879
81
1989
9546
3502
1380
8212
3614
3100
821
3572
3179
7044
3413
288
6323
2698
5605
3071
6706
2704
4686
1741
4503
4804
4366
9733
1005
6278
7968
6379
6228
9192
4118
9317
7921
4590
2549
9786
9599
7828
1708
9651
4928
975
3266
4446
2548
1116
236
3713
8964
4836
2904
4075
6380
5041
8074
1718
6947
7338
2256
6025
632
6010
243
2778
699
5743
7101
9936
9748
5375
8321
1799
6372
7812
5691
3517
4055
2840
2773
8841
2179
796
307
9163
1439
7586
8285
6110
3859
7338
1302
5178
5096
7673
6989
8007
6507
4342
8784
9692
8131
6831
7671
6516
3164
4152
5428
6098
3120
6291
741
76
9794
5675
403
7842
7190
7178
6427
6050
7456
1067
3079
820
6391
9338
9672
5952
150
4007
753
5568
9455
2889
9859
8607
7068
5535
4689
8097
8580
4786
511
5212
2790
1926
1404
148
6292
447
3161
9877
1135
7760
9109
6457
5051
559
2294
3769
4335
3765
2470
4256
8380
8961
8936
1243
6168
5228
8581
877
7701
391
1512
4367
5298
7472
4370
5781
686
5316
5722
8635
9716
3102
1413
4718
8872
8398
5806
3431
4700
6229
8130
8786
2095
9868
4698
701
6595
308
3686
8220
3881
5383
403
7193
4683
7646
3672
7896
3286
5485
5219
2681
7506
249
9179
2247
1136
1737
3713
4893
335
378
2792
3640
6650
2140
1006
2312
4209
2138
6326
2976
915
1367
5412
1228
7781
8740
1604
4882
7314
5198
9479
8658
8046
3588
7675
1815
3752
790
8773
2255
2204
1464
4638
3111
3731
4134
4087
1088
5224
1570
474
1726
7687
4361
7119
4030
5251
8900
9080
1815
2244
6379
5978
4762
5596
3283
1480
4036
8885
7687
4205
3794
8825
116
1270
5907
8604
111
4666
8025
9354
2066
6167
889
1321
7555
218
8323
3035
8069
4010
8955
98
5239
9505
2597
2767
5387
7256
2512
906
2258
3278
4857
9832
5858
7557
7584
4731
3881
7370
2023
1100
6587
3903
3671
621
6248
8070
6333
5438
5129
348
2754
1183
184
8831
5560
2605
1791
7054
5072
1306
5369
6123
