2500
2024
1673
2939
3644
4530
6047
9131
5914
3115
1523
4688
518
9529
4596
6337
5661
6293
4627
8704
3690
7824
8343
4201
6629
5028
5849
2423
39
6805
1091
6406
1429
1030
8176
7075
9104
2376
5776
447
5512
3788
9195
626
6440
8586
9743
9053
9938
7658
5256
3112
3544
8432
8026
4745
5220
3205
3422
1734
5653
3888
9863
6002
1799
7171
3504
7091
9005
8737
8884
3317
8061
5710
6217
6439
840
6207
7001
8130
1588
1041
5343
5178
5720
2293
1595
1565
9908
8873
834
553
9339
3985
7381
8459
5870
7748
8747
6177
2390
8516
3214
1760
2669
3365
2879
4081
1545
2654
1159
8759
1286
1693
6268
3532
4063
7365
716
3753
3289
4867
1304
7380
8796
8223
1344
9876
5743
9597
4183
1968
2863
4370
3523
8373
9211
6308
6787
8998
6623
4203
8909
4494
5659
964
9027
6113
7744
9699
2561
3472
4566
6760
4486
6363
8605
4603
7485
2817
590
6962
8023
8804
7836
5681
7734
311
845
6160
8744
457
5231
6488
7166
6699
969
1399
3560
3517
927
5636
1968
9255
6017
1980
5279
3683
9441
8667
7903
7080
3743
102
7119
1392
8722
244
6748
3595
6165
4381
6242
5789
9644
9819
8703
2915
1826
1485
7424
9251
4417
475
4283
2993
8940
6979
7512
1582
5484
8098
5612
1242
9382
8094
4531
5226
2133
2672
4089
3653
3657
7807
9078
1560
3563
2055
8420
2586
5963
1145
222
7657
5577
8284
5446
3139
2125
4017
4179
2945
1027
148
2646
6142
5366
5070
5399
3813
7560
5655
865
6760
379
1321
2566
9581
7007
8864
6800
5363
6745
9582
214
8610
9164
1019
2759
8080
1686
6937
3622
4336
8105
8421
7905
9941
4597
8890
9680
9957
7823
7807
3271
7848
7536
4769
6536
9856
1261
7899
4136
7714
8078
3889
9388
834
1965
7837
992
9245
1404
5616
2259
9584
5091
8010
5043
662
2517
3253
1424
6558
591
8956
1888
971
1100
7817
31
1076
152
4939
9104
2108
3551
2822
1524
8349
5648
8181
4725
733
8211
7514
4896
6419
6308
6342
7245
6658
3276
4004
3853
8756
3483
5664
687
6130
4851
3654
6382
7103
4340
4772
939
8021
9600
6625
3442
7415
8826
599
1436
7045
2767
3563
5488
14
1665
5902
3014
7264
956
763
9338
1003
2135
4209
537
6067
8473
1451
8588
3828
7350
9579
430
240
9380
2149
9115
1076
8270
871
4454
3433
8708
5495
3463
2278
2845
6436
8016
8674
3242
5454
3291
8311
6440
2834
2546
9410
2530
1438
6810
2839
4481
4755
860
2514
8913
9431
6017
7848
5697
9258
7626
5420
7926
2097
5098
5341
2220
5390
5920
2700
971
7921
4724
2300
3265
6055
6717
9186
6738
3201
1597
7356
4537
6832
1546
4846
1914
4507
9066
8951
9110
19
650
946
9113
6094
5979
808
6435
3103
7322
1715
3761
7623
2602
8718
183
8245
6799
5000
9709
6601
5706
2135
7955
2358
5660
2617
8914
6389
2073
2389
8897
1814
5307
8032
6800
770
4752
4956
949
3788
7521
1867
721
7829
4271
833
6493
7375
8684
8807
9158
2265
9748
8476
9634
3466
9014
6518
5887
2041
8674
166
247
248
5073
3178
2849
1808
1724
6171
6550
5608
634
727
3454
5887
5225
1337
792
6281
4056
3412
5475
2935
2798
3199
5467
8174
3003
4314
803
4698
4426
9518
9371
3308
3727
6227
6542
4286
5923
1867
3179
7479
6200
6731
6030
8697
9051
9306
4891
7736
1238
5378
5750
8037
8718
8948
6145
8073
400
8952
9699
9245
8371
2818
7938
5174
2074
5151
4429
9470
7961
6814
6536
4157
3888
1420
8196
6151
7769
4856
634
7038
3994
3494
5636
8040
4600
7775
8441
4508
8952
2965
675
1878
3891
1492
4959
1162
693
7171
6064
6773
9586
5418
2127
7919
1638
638
964
4236
5191
5080
362
2881
8474
2596
9090
4052
4110
4036
1062
4861
5001
2868
7399
6697
5501
8617
7702
2797
1878
8035
7612
7271
6210
6354
3863
1359
5550
2052
1793
1645
7833
6860
270
1269
808
110
3106
717
4726
6103
1500
9087
5972
8090
7843
4009
9396
3637
1004
6850
302
338
4181
7911
718
2089
2785
8548
5915
3651
5792
510
4388
1785
6474
8652
6504
2555
2105
7190
1746
1980
9344
6470
1824
5307
8875
972
6303
4941
5732
8973
996
949
831
2699
4841
6181
5891
943
2290
4910
2054
1587
9099
772
1267
700
4144
1101
1083
341
7016
8200
6933
7927
4543
7306
547
2052
9951
3619
2691
355
5226
1119
5966
7269
871
2745
8609
6262
7414
3274
1285
8159
5457
3487
6669
7704
8978
8040
1115
9804
9019
2621
6480
8645
246
907
959
4661
3273
5900
6748
6390
5445
6517
8934
5034
2700
9113
6541
5628
172
2618
6002
2503
7452
1951
2635
4677
962
7729
6207
7967
4975
9696
4532
9924
1096
1171
6098
6373
226
6077
3699
13
4504
9130
4474
7661
9084
2552
4526
3797
1992
8787
8369
8367
320
4473
9857
9846
5270
9372
4506
6276
3368
4102
9253
4872
762
5734
9442
7302
5324
2440
3581
4457
1225
1795
5024
9700
2587
2876
1173
6726
9453
4280
5062
8715
6959
111
1811
8783
3712
4284
8031
9293
5771
9537
8696
2486
2400
7063
177
6782
3405
9251
9549
5152
5769
7300
9866
8609
4398
1816
9096
6674
4112
4734
725
2319
8318
6183
3158
3284
4996
406
9476
3199
4506
2374
5536
8289
4765
9435
2004
5326
1560
4416
5912
3749
9359
1055
6734
4345
7527
8288
491
7485
5701
9833
8450
1838
514
3587
5630
7770
4008
5885
7643
3934
8795
3050
98
4301
6262
4901
9743
5229
3185
4149
8081
7756
2157
3755
9310
1520
8588
5016
9344
2811
3488
7084
4384
5341
9438
4233
5677
2195
7213
9910
7945
9646
2961
7023
6065
2735
6175
6426
167
1166
2317
7924
5325
9481
3608
5834
6239
6777
2544
6452
9950
8161
7364
9899
5589
2144
7637
3579
1370
3302
2634
1668
9906
7506
6896
1466
9201
5498
1260
2029
7806
2132
206
5699
9087
6929
3651
7328
4277
378
2391
4408
150
4946
741
8539
1203
3723
9502
7167
6710
4388
6753
8444
7835
3760
1292
2592
7815
2834
2096
9747
9577
3268
1114
2852
9515
4135
7331
3186
2004
2997
1814
3224
6430
2946
1417
7376
2272
1777
3306
248
4951
9651
5047
1713
6614
26
1354
4116
2454
3179
8447
6175
7211
6434
9524
93
8502
2383
284
7620
8624
8751
4527
1704
8202
4774
3170
173
5822
551
3454
8009
6753
7046
5120
2504
791
4724
2700
3529
3011
2282
3567
2310
6490
5138
3872
8385
8227
3694
321
6617
6029
7771
6728
8236
2173
7808
2756
54
1250
3345
8511
1480
1927
5841
3199
1108
9604
628
6696
7877
337
8818
5618
6619
6297
9159
2514
1411
1622
6135
9895
7734
1359
3247
9748
8088
9563
8135
7637
9376
9072
5299
7791
376
3069
1625
2425
3226
6240
9420
8657
8154
805
3047
1692
6227
4347
9878
2686
1433
9284
9390
6546
2510
8362
3549
3110
5776
4217
2892
2615
1327
6572
3073
6324
812
327
1536
4625
5997
3038
2386
7499
382
1729
8318
2595
4513
2742
8003
1576
790
6417
8760
453
3462
9249
8698
9685
5016
5450
7333
5454
2502
6762
7022
2961
1722
3338
9661
1868
4114
6340
7160
5562
6372
684
2777
9273
4938
3964
6594
517
5854
9999
2935
6453
9233
6170
4746
8402
4692
7330
293
592
4506
5998
4047
6986
725
2538
881
686
5821
7396
8850
6914
8463
7431
9471
8258
5874
7394
4598
8456
3925
8565
2913
454
7844
1415
5201
962
4169
7974
8960
4399
3694
4908
5640
3972
5873
346
3954
7963
6161
5508
2630
9736
997
5160
3937
8755
8012
8284
4869
6789
3519
7732
8330
187
6338
5485
4834
8810
6505
809
2874
431
887
9863
9309
3089
6978
1726
3859
4774
243
4518
3398
2462
7769
9059
9253
4960
1836
8063
1745
9824
3007
2002
6820
4953
8528
1056
9714
5036
7369
448
8168
9877
1112
7637
1553
6375
6332
3803
7144
9316
2806
6255
9751
9546
3519
4059
3982
5693
504
3453
287
9309
6299
6770
2565
9828
1841
9396
6917
8318
9022
9582
6573
1989
486
5320
4218
1081
9139
6484
2901
3192
4158
3427
4893
7327
6682
8980
9456
9133
8065
2458
9794
6480
1462
3081
560
4143
506
9981
3983
9075
8362
5896
9134
9715
421
9654
6042
3290
7803
6861
9311
3143
4176
1478
7388
7633
4544
1731
9967
8517
525
2684
6144
5342
6260
9770
1018
2671
2302
7967
7235
8608
5330
4592
1037
6130
8152
4321
6773
5441
392
9083
537
9781
1856
1660
4263
7973
2228
9147
6752
3881
2240
8406
9355
9001
1353
234
438
5672
5298
6750
5255
2215
4555
4589
4800
7143
2707
2318
4465
511
4974
4353
1896
7173
225
2121
9491
7565
6922
4112
5014
6524
7725
8220
8088
2647
7577
1052
920
7997
4634
8254
8509
6237
7351
6673
106
2166
5307
6033
5456
5657
5297
996
4302
8621
2088
4800
5636
9967
4998
9207
8261
6003
2585
4017
2203
4171
9944
1716
7092
7875
5513
2082
5082
9079
6028
8032
6464
7410
4388
6174
2136
2516
4101
4647
5361
8686
9496
9399
7230
8829
2476
5876
6626
8769
3495
7018
1303
4137
5851
4327
1279
1229
6243
5104
9729
6152
5836
8750
4277
6336
3297
4761
5963
7762
2366
271
2436
3183
2166
5040
1092
2013
400
6345
8032
9467
7180
1484
3106
8806
6228
7096
8987
8385
1261
9770
8216
1508
7341
5616
3453
2595
1542
3318
9341
2233
5376
5247
2236
946
8677
2529
7308
1666
6950
1197
4979
2933
2219
8185
2382
1684
9144
8764
8174
7121
7723
294
8625
1631
7505
4249
3004
9312
600
2424
5332
7596
4591
5227
5212
859
1210
3484
3624
8064
8242
8737
3488
4259
7017
8262
4320
2601
6475
7766
7756
5537
4784
9318
7825
9437
3774
8542
2775
4507
8811
6341
2690
6992
9984
9176
7416
9600
361
5478
8621
6588
2216
8139
7529
5096
1546
4135
2923
2599
1825
3131
5560
1142
6577
2447
9628
6915
518
3826
752
4616
1650
1007
7804
6871
3717
9065
692
291
4309
2291
4654
6824
3917
4511
8324
3433
7137
8096
181
4596
1775
5661
806
4340
7745
8677
7973
7971
4015
5594
6974
506
7442
5228
7366
9158
9699
4163
2213
8105
9954
5575
6049
4682
2099
7599
7365
5961
6274
7957
7696
7027
6487
851
618
4495
7269
5164
2753
739
6140
2889
306
6182
334
4158
7124
9202
8127
9976
8702
7717
2997
9750
3288
3925
9807
4321
1598
6621
562
5786
3425
2441
1758
6542
3896
9578
6736
2360
4309
4678
113
3475
3714
7279
1419
3530
1241
9454
4011
6383
947
5948
8913
9380
7992
8013
997
5865
8693
7865
453
7346
8300
4488
5961
4212
8149
970
5831
5245
4210
784
8737
6509
7809
4010
9820
6868
5162
5294
9884
1226
8408
6129
7596
597
2949
1366
5593
8490
685
7025
5854
5571
7013
5270
4778
5001
164
2786
3341
5054
1071
4837
98
5226
7347
251
4630
2625
5307
4822
1543
3229
6818
7786
6999
6764
6578
6340
6944
6328
7019
4584
4033
7439
3151
8501
8951
304
1402
2839
3495
9809
8047
6329
1159
2415
6141
2613
5996
7954
4160
2554
7966
7548
5060
9801
9512
4671
9749
1516
5948
7752
2193
4850
9219
5836
5919
1963
8994
8749
4521
2589
4168
6153
4549
6913
708
9679
6674
7421
1523
4174
4077
8975
5223
5228
5858
8898
9219
4016
2432
7456
2050
2925
101
2053
6792
1980
1081
1307
5633
7045
4631
6839
1365
937
3174
7232
4669
9486
4486
4023
9119
744
1765
4807
1716
8001
6689
7963
2699
1893
8
8374
9143
1276
1211
8963
2003
2964
8081
3145
4374
9915
1672
8906
33
6950
4614
6921
7238
3585
9149
3302
8802
804
4317
3032
251
4286
8148
7910
7205
9744
3056
321
1037
3672
6309
9057
2217
5272
7738
4906
4167
9187
4814
1882
8577
4612
7656
4754
8850
9867
6236
6175
6371
4549
505
1973
494
4183
6191
8455
6836
6262
446
4341
6442
2886
6873
1202
2861
2460
3418
2208
6422
8450
8815
5243
9577
3352
5410
3839
9031
2769
9654
7286
8852
2145
5389
5186
8259
3776
886
3251
6093
4395
372
2630
8912
2280
3754
8827
6900
5172
3715
5713
9065
6044
1566
8624
1500
5300
1206
6018
1608
230
4031
447
1689
5418
1948
659
2477
1262
5390
5934
3315
9955
7527
1417
8069
5493
7901
1616
7073
1796
7546
8192
8242
2547
7247
9997
3919
6781
6953
7680
1161
7967
9228
5757
5960
4629
8859
4925
3455
5909
9674
9468
5019
2450
6331
368
5915
9870
8580
6148
6249
5920
2770
4721
6823
1197
8791
7240
7365
2246
2238
5710
9951
7470
9487
7396
1906
5783
4350
8370
5311
8024
2590
7344
3896
1036
8531
3441
9832
7257
2693
9196
8655
1596
1681
1336
9739
4686
5945
6115
3042
6821
6699
4847
2556
6858
1071
6874
4269
9362
2553
872
6848
8107
4223
7263
8527
1061
8629
8959
6078
5706
6052
7132
8408
2011
1785
1273
4226
5705
1833
7875
1643
7645
5842
3303
869
852
2765
6945
6637
1499
1344
5922
2149
2418
5632
5596
9460
2896
7315
7358
3619
6900
8579
5287
3384
3955
7231
2376
3263
9410
9579
1515
388
3009
5672
5322
2334
9026
4751
9917
5829
3734
2806
1428
5028
7731
6053
4461
6186
7715
34
4642
346
9787
7832
8962
2738
9334
7158
9514
5800
1390
6484
9296
7152
4759
9825
9292
8539
8712
472
5939
8954
9798
2352
8066
3184
7087
3154
2275
5893
4736
9910
4447
7734
4516
9142
1552
3546
9913
9412
1682
1936
3904
5687
8678
5652
4833
5505
785
5168
6169
1324
8247
1311
177
9522
3488
4461
2044
6028
2341
2170
4348
3090
5690
4253
1762
2193
7975
7317
4384
5643
5876
8539
6813
665
9408
5011
612
3691
9646
2434
6889
1647
5693
9801
8970
1216
2195
5391
6733
9478
3141
77
7420
219
8005
6386
3177
4350
3449
1975
1487
1776
372
3469
296
6396
7843
3906
7109
36
8102
2147
6989
7478
472
5291
5956
7421
7613
4794
8407
5636
2072
2113
8594
2213
9126
5577
9934
3120
282
6547
7226
3511
54
234
7797
7014
3842
6517
7830
8272
2109
6344
904
8308
4893
7786
1781
3023
8084
7650
7229
6747
897
426
3891
276
6400
3734
4276
1595
5424
382
6373
6244
8574
3958
3465
1882
1123
2926
4508
3235
9255
7958
2062
4366
1584
1498
5631
7512
9515
8619
2419
7293
2869
2749
2419
4812
2951
9245
112
1396
5196
4123
7124
9210
9729
8725
2519
6397
6536
3220
6315
2880
5176
9263
9860
8790
3556
7181
631
7261
2070
1369
3054
1632
6984
8222
6854
2224
5279
6961
9189
2110
5269
4270
5451
1215
8369
5291
708
3921
229
5081
6998
6269
4900
6280
5022
2626
542
7210
9841
7457
6105
2016
2642
