600
1028
2802
8814
6372
1976
852
7484
6043
8148
580
4412
4005
5181
1904
3290
1882
6442
7384
354
723
2163
9316
7883
4230
6434
1765
4528
4044
9254
6215
2921
6368
4839
8911
7224
6870
5284
951
4160
7029
631
7875
4848
1698
3626
7695
4172
91
6130
8407
284
3469
1849
9602
5614
6227
6667
5436
9559
2492
8743
7999
7447
1542
309
8749
7435
7885
6422
6621
6923
8282
8118
8767
9747
2362
2302
1518
287
1724
6342
8721
6624
6694
408
4493
6987
4181
5521
4635
5969
6079
512
4577
5657
9560
3968
368
200
2748
9235
8554
1395
6975
1540
3389
924
6399
6430
4577
7720
3362
1019
186
6785
1266
9780
3849
9511
4097
1848
8149
3857
1579
1448
8386
3457
743
7262
268
4918
441
2206
8482
3643
3431
3685
7905
860
8742
5470
7292
329
2624
980
8805
5411
628
2817
9499
4196
2043
7300
4287
8187
1714
6513
3157
8533
3545
131
4372
5095
2487
2269
2713
5495
9319
1358
2527
3754
3587
8162
4899
440
6571
8997
5207
1516
2418
1938
1653
6119
9718
2170
8861
2932
9738
8128
973
5959
1665
4786
6109
159
5753
8354
5060
8506
3282
8594
9578
1992
8922
2765
5946
6471
6454
5970
3139
6765
3374
9388
9277
1717
5542
7917
7651
8048
9173
841
5968
6829
3844
8798
1658
3539
4868
7458
5574
1930
2060
3829
4806
8010
6878
6901
3062
9084
2661
5440
6863
2588
5726
9971
3525
1120
383
1601
6804
2610
3128
6512
258
7369
5701
2030
2304
1798
9853
1265
434
5690
810
9883
3337
1589
6581
8252
2154
3193
4253
4737
2093
3837
8628
3499
9603
7229
6103
5115
5956
8079
1479
3977
981
8497
4248
1923
9363
1677
4998
7170
7646
4654
8911
6953
8053
2653
1058
3927
6458
516
2209
2588
433
4915
3781
6071
1690
4289
6847
9150
9289
1498
6678
983
4990
3031
9858
4403
1750
7372
8500
3515
9422
6154
3216
306
6959
8437
5704
4201
5498
8799
1862
1586
8176
2467
7045
3901
1007
6974
5997
1022
1877
8568
265
9663
8418
7937
3735
6913
590
5718
4283
974
3076
3266
6784
8154
2282
8049
5404
9640
7006
6048
5391
3481
9534
3360
7880
431
7636
3450
4916
8991
4236
1372
1524
4405
116
5985
6361
1521
7407
2431
4447
6400
2133
7690
5875
710
5723
3286
371
1526
4698
5210
5392
2036
7887
9919
8434
4113
4671
7991
5465
5974
148
9627
1435
2188
4568
1629
6991
9224
3948
5564
4036
3636
8774
6630
1614
3880
4502
3064
3471
9448
9011
5616
5678
8695
2406
5172
3975
7849
706
6763
7151
7862
3615
105
7009
4506
3266
760
458
3497
2762
5169
2782
4208
7434
2922
2613
2391
6382
6938
2629
5714
2748
7592
444
423
808
8050
395
1657
5475
3977
9802
9475
1937
2408
4444
6337
4614
4678
9504
3160
2237
5841
9984
4854
565
4571
2266
9300
1720
353
5529
1512
7928
5701
3503
2102
1128
4013
8465
1607
5717
3092
4527
1474
4144
8335
1838
6582
409
778
1844
842
6856
2769
8256
4939
7435
7531
6067
8597
4616
4512
3167
1789
9309
8683
9402
4762
572
2922
9631
8324
6892
7458
2897
3957
3774
3936
2493
7437
973
26
8971
6289
3808
8644
4048
835
5904
4255
884
3373
4737
7036
9227
806
3695
7214
8258
7543
3381
9628
1383
6359
8781
9638
2661
1970
7967
9759
9659
9817
8632
7625
1592
9747
3865
2447
8806
2754
4664
4667
8848
2352
9880
5352
9248
4775
4976
6593
6121
768
4842
6280
526
5827
8682
7475
9790
