3500
2958
7846
9240
3115
6834
5324
874
1365
7656
4576
5445
3273
8141
5288
5969
4344
225
4914
7795
3084
6234
5642
694
4589
5029
2289
4917
8924
3671
5136
9397
6432
5921
9450
5263
3834
4706
7702
5579
3799
9222
7185
2600
5363
2892
3519
425
2068
5174
5866
6713
2970
8666
1225
5487
7664
1541
4798
5244
6527
9902
4316
9953
4096
5368
3154
9950
1372
9058
5961
7430
4210
3161
2870
5534
8211
3469
3676
2947
4078
8608
4609
4491
6563
107
4043
9443
6630
5707
3911
1816
7971
6520
5782
34
8088
8630
549
6730
6035
6853
2343
5213
9016
8035
3569
4904
399
2962
3073
1427
5545
5107
2892
6330
4525
561
1443
5254
6947
8187
689
8219
8923
6617
3764
1002
6523
3280
4629
6487
8132
2896
8646
9205
8623
9562
1671
4429
9930
31
6884
2173
8105
9908
9471
4125
2138
9778
9429
9516
5209
5066
8448
457
6781
2709
57
2383
9869
969
2071
600
5491
1975
9544
1298
8555
5377
5467
2062
5015
3754
4200
2645
3603
5542
7693
2789
9439
9200
4806
3946
5295
3274
4119
7208
5275
1007
6537
6051
99
9621
2591
4145
4419
7022
8947
9240
6127
221
4514
5730
9915
4661
2513
4447
5242
2333
8507
8361
33
976
312
7154
8374
6274
4891
8233
2474
908
7128
9964
3825
2152
1808
4344
5546
2536
2138
331
9071
3921
2128
9882
1435
5429
2563
9599
3378
5390
6812
5083
546
3958
113
7609
8244
739
9247
82
6575
4224
8218
6893
1673
23
8495
926
3099
9563
945
6527
5104
3185
5896
1197
3049
462
2547
8953
3184
3691
3237
5327
3239
5814
6515
7155
6061
1747
5177
1703
7660
3279
7588
8105
4226
1429
7215
4585
1897
4985
8349
8057
7093
9153
9919
5101
2522
660
5395
241
6952
9322
6682
1210
2900
6723
4212
9364
5924
1669
5482
987
902
5101
7320
2870
5261
3382
5221
1805
4009
3191
7872
2091
8227
7814
3177
2254
9858
1546
6361
7323
3804
559
9327
6207
6893
8243
3047
9393
5149
3917
2025
7587
4913
8941
3340
3031
2384
2206
2981
9661
5952
7592
9712
5466
77
9699
4217
5045
8613
4821
2728
5420
1219
3340
9831
7651
8549
6456
4785
4076
8220
3231
8952
1250
593
5428
7987
703
9551
1442
1794
3230
4608
9106
7184
8683
4311
684
9268
4038
7799
9625
1124
6726
7598
9303
7238
4634
194
9479
9220
3531
9079
5152
268
9133
8649
934
5697
9972
3324
4517
321
387
46
6247
3428
9488
7302
7605
5726
7140
5131
5338
2369
9182
435
1251
114
5031
9383
2771
5110
1232
9791
7699
1928
391
1391
4263
9834
8185
93
6715
86
8273
3406
3948
6672
5039
2029
5795
2714
7779
7223
572
8515
1160
9862
4373
2989
6047
3015
4338
6105
3712
9322
9405
34
2581
5894
7866
4386
4898
4310
4617
1781
2556
2628
3173
4808
8106
48
8729
5133
4041
1246
9106
8366
3769
5209
8416
5212
7525
4664
5030
1379
3328
1515
9552
4363
2506
4145
2196
590
2179
2282
3890
5009
2006
3252
9253
7713
7398
8180
5947
2203
2215
8947
3777
8711
963
8723
1144
5218
4317
8828
7668
3959
8754
8583
3010
6378
4411
9974
7289
2881
799
5102
6442
7886
3174
3410
9138
8749
7336
669
9438
311
2259
7547
5549
513
3628
5925
2753
4628
4940
3000
3279
5641
8684
2865
5383
6081
3564
1191
2077
1534
9548
772
7685
210
6718
6593
8302
2258
9234
526
1125
4822
1313
9339
6890
6224
5926
4085
2383
1286
7526
3008
621
8670
7712
8685
49
9701
7872
6761
3636
171
429
1011
9512
943
1138
2263
4814
9411
7354
939
8692
8204
7236
4645
1275
168
3046
7207
3015
4011
9358
9816
4576
2232
3540
1536
3766
2713
5147
8112
8753
1836
8870
6172
7974
5626
7223
5174
6581
7092
947
2344
751
6044
9393
7006
5110
8413
4737
7486
1980
8056
5465
6772
4317
1949
2843
1950
7673
6258
3810
9248
1657
7923
8875
9573
6675
5398
5297
8900
3993
1753
2112
3899
5755
6683
2971
6314
6717
6051
233
3166
9859
8625
5386
5736
1160
5248
2104
5753
9694
4436
7225
3709
9728
5813
4944
4402
1220
8648
7907
6179
7628
6167
471
4389
5787
5212
7031
4173
2340
3151
4516
6507
6878
2521
2646
2712
7125
3253
6993
2664
1402
4994
8083
7499
1594
4887
825
8134
7484
6164
593
2648
4883
4800
1883
1196
9507
2724
8793
3563
2737
948
6773
9098
4051
8549
6865
2231
6839
6800
5881
316
2624
7249
3589
3582
2266
1932
8682
7909
7423
669
8097
103
3554
6682
3039
2211
9976
999
3411
727
9606
3750
2079
4575
9926
3465
6814
9611
9203
6261
2851
4875
516
7989
9746
2217
790
2360
3208
1395
7761
6216
9716
1252
6092
1352
4697
2287
4333
1497
6348
8663
8969
8505
7992
6797
3017
6680
705
4534
6045
9016
1077
3432
2730
7185
1982
9218
3984
4463
7093
5094
4327
1961
6336
7779
2711
8782
4428
1699
9302
9661
4998
5533
6139
8321
7059
5432
5394
3095
8239
1694
2425
4510
402
8392
4231
3706
5695
7467
2572
8533
9686
831
1156
4979
2953
5176
1509
4960
8828
899
5847
8248
1845
1039
2243
3522
2483
9829
8164
6698
8123
1813
4747
1418
7870
4590
782
708
8662
7050
4480
7134
9583
6052
1596
3691
5698
8311
155
5218
3485
5524
4117
7725
8766
9599
9620
9360
3230
3815
947
3108
6411
9728
9574
9695
7997
8399
8916
5618
9738
3361
3214
2127
5124
5000
4179
5860
6128
1875
9052
8633
4291
5929
9427
6513
4741
7714
9585
2336
6999
4322
8660
5594
1248
2851
4975
7444
9635
3214
8923
6153
4812
6533
3292
4731
3290
2880
6846
1796
2711
6978
1726
1927
9089
3207
8533
8424
3645
9212
7327
3989
8866
1755
2282
7328
5744
3042
1498
7242
692
5983
7033
9981
2707
9658
4524
5861
1907
7135
4992
8349
6873
7334
4675
930
3501
1617
9648
5350
1931
5489
8338
7763
1442
9718
7881
7113
9823
753
7563
3654
1332
7415
9665
3249
6577
3860
7810
2211
3092
889
4350
3651
9901
1349
9040
7757
730
5739
7206
9854
7330
9989
9965
7118
6237
3781
8678
2298
5856
2452
7189
1021
6791
3225
7000
2634
650
3927
5332
3673
9874
1747
7562
8187
741
6753
2809
4732
3660
4858
6046
3957
3670
3212
8278
5770
8294
430
1716
1510
7752
3150
2141
3489
6913
9066
7552
5436
4243
3623
6708
9081
1471
737
3834
9177
8309
1007
6338
4979
5527
8418
8313
3230
3197
2778
7343
6348
4737
2341
9463
4451
7338
5861
7351
9800
710
5549
2191
2250
8528
2376
5911
7897
8929
2277
5921
5889
1058
4259
5966
9623
5584
3429
8029
1678
7704
1315
2749
8598
8482
2077
6835
4466
5275
3324
3463
3829
4938
6134
3625
3097
6804
701
9681
1147
6698
7814
8308
1094
3744
8193
5410
8138
4281
9994
3916
1929
6238
1290
8612
478
1261
4826
5037
9818
8318
4902
1713
6492
4049
1338
2624
8956
8467
3484
342
69
3632
4117
5558
6029
2402
4477
8770
3426
6151
7954
6109
2562
2544
9429
1527
7847
870
1313
823
9613
5576
344
520
2338
8751
9580
7962
8521
4722
1047
6345
2250
1813
6200
4555
3385
172
3003
626
3682
318
5443
3953
2510
4501
774
8828
3525
7857
8933
6104
4784
3004
4119
1713
5609
2168
2465
7546
2114
7045
5252
2751
3582
2095
3954
6791
8400
6739
4062
4789
8174
9778
8304
398
8129
2479
5986
9317
4828
5362
3883
8625
1031
3247
9317
1984
7607
272
8460
565
955
5503
805
9564
3253
3696
5288
8319
8787
3211
9500
1217
2394
5479
2478
183
990
3202
7470
1015
6000
4877
7046
984
5861
3716
9431
5049
7854
8844
5729
829
7113
9012
2415
3396
9012
6046
6509
694
7369
9671
1448
3336
9002
930
8208
4608
6458
8083
4956
7733
9126
4214
8986
7200
7598
6368
6993
8911
7508
1998
1349
8424
7984
2746
806
4411
4653
2924
7446
1216
4484
876
1797
2591
1795
1733
6139
4702
2985
7045
4513
7253
7105
6802
7884
6669
4024
9367
6439
4775
9404
75
6155
6202
2276
50
1870
6596
2246
1549
2054
7937
7561
7453
7496
3529
55
3765
5362
2724
430
1293
7137
89
3476
9667
6447
8388
1909
4092
2892
9301
219
5320
8680
6341
5112
6243
1035
6020
2930
6551
8225
7614
9659
3359
8341
7740
9452
9927
649
3014
5454
751
7807
9862
9589
6270
3656
3496
7258
8499
2470
8381
7507
2455
2015
5407
6529
7726
1713
4175
1637
3597
4028
2890
2335
6005
9777
8458
1557
8237
7861
1176
1341
3150
5201
6144
4151
8023
8314
797
906
9601
3096
5331
9802
7053
4229
5003
5314
2042
6131
8489
9443
5203
5850
4313
3017
5604
4414
376
7206
396
5017
4367
9486
9550
8218
666
7423
8083
4473
1543
2122
6762
1301
474
2402
7855
9948
3501
1776
3369
9431
4277
657
540
6624
3344
6701
2463
8689
5530
2132
9801
1546
46
8022
693
2221
8714
8607
5460
2442
9899
3918
3169
482
3383
9057
4175
1035
8090
9503
5183
3439
3736
1313
9438
6897
7490
3918
7147
9997
6275
3601
6374
363
5706
3049
4244
4800
9410
717
9647
848
5372
9066
6363
6084
9214
7450
9971
2755
8709
2402
1201
8177
9334
521
3084
5041
1027
3968
7772
8968
8809
5811
6393
8256
8005
7818
177
8533
6599
9452
2041
8624
4574
6065
6939
7645
6755
7873
7581
4715
418
2494
1586
335
7635
4972
5146
3013
5959
8073
4629
3157
7422
8988
884
862
1125
1006
8928
4225
380
2383
9508
8173
5894
4871
5365
6834
8938
2059
835
8100
1430
4871
2039
430
7651
78
7020
5840
8563
7787
9242
1287
2135
8066
6317
8648
1693
1993
4852
1144
5719
6621
4886
5755
6199
6226
7919
6119
6566
7898
5943
3092
4980
705
852
5042
8809
8739
8902
6663
5354
8746
3456
8916
6935
2488
5623
8435
6706
9694
9762
4895
3466
6775
5025
5631
7749
9796
7083
3296
8412
4452
5535
5422
8624
7295
7900
1503
3194
8495
6748
3613
9104
620
5787
2878
5988
9107
7045
5922
4246
8530
7293
2424
3866
8706
5771
4380
7956
6865
125
3009
8992
828
350
4855
2910
9941
4435
249
5770
2791
1538
7782
6042
3331
3086
2570
7744
3509
9677
9161
5439
5112
4522
2775
2603
4515
2726
9671
2185
9135
378
4254
3525
6421
3255
9170
1939
8969
5630
3268
3469
6029
5244
327
523
307
9597
13
6080
9028
4930
2221
7441
310
5357
5922
960
1420
6120
5683
5751
6528
5749
8394
1649
9494
6336
8308
1538
2221
1217
3988
246
4503
4510
9588
2647
8130
2269
6745
280
9586
6583
609
4830
8381
3064
6396
6895
7427
9699
2980
8018
296
6291
459
8182
3456
2060
8480
2975
6358
1583
5837
5722
296
9404
8415
1458
6722
1442
451
1099
229
5826
7834
9340
1492
5394
5000
4682
4395
7373
5855
2047
541
9943
2835
7241
7032
1295
1034
2398
1735
7501
4130
606
7412
6106
1518
8385
2295
7103
7471
5679
2432
5814
4667
814
3997
8829
4508
9942
4376
3881
5191
6337
4433
982
8472
9758
1187
9868
1287
8644
9861
6126
281
3939
8047
2781
2885
9095
6503
7689
7744
3126
6151
2983
4008
6376
5757
973
5066
5255
8767
2266
1377
4956
8984
2052
3900
2584
7092
1033
3050
9348
5252
6167
1092
2544
3918
8695
5111
6408
7140
4451
4828
1653
1247
9769
3990
5423
6167
6535
9256
5488
9778
6326
976
9636
8040
7956
9876
1821
1934
4713
1239
6498
8919
139
2264
8631
1379
5453
696
7976
2482
2018
8214
4496
6458
2191
2088
118
2625
6975
9432
3846
7559
5264
745
7550
3810
9514
4548
8671
1176
5360
179
8403
4499
383
1449
6094
8772
6883
5117
8668
9063
873
4497
3866
4238
735
8419
9825
7948
920
9311
1277
1265
1564
9871
1997
5469
939
2480
4114
1219
3890
9170
1914
603
1350
4699
2950
4036
350
4697
5959
9300
4269
723
5448
7597
1500
8154
4821
2111
135
9729
2825
2388
4718
6982
6069
3099
2683
9724
1516
2436
1875
9974
6731
2037
3637
7874
8134
9015
112
5312
9086
7168
1522
4814
7278
6461
3354
9602
5573
348
7199
1218
1118
20
8041
659
42
6001
6045
6764
4400
3296
3335
6294
4298
1011
5360
9554
7009
4977
3182
359
259
7357
3979
5479
2816
7921
1837
8573
5077
4632
2260
886
447
2965
5123
7545
8225
3
6902
3731
9457
377
2562
435
5260
2633
4330
9983
5818
3878
2637
3330
588
3424
1836
8258
5698
9518
697
4770
9465
5990
7980
3409
6913
2971
2063
7612
3997
5476
9305
8903
5668
6789
8600
4803
1508
8509
4743
8685
9462
27
591
5059
7116
1197
7402
8340
7735
5606
8546
4578
6134
8427
1656
4310
232
4683
4753
3249
3362
713
6443
9595
3117
8231
3869
6938
8550
3792
332
6223
9017
8306
5242
3696
104
4807
6376
3982
4948
4863
6669
3060
2975
3691
5551
6667
664
2248
4653
2107
469
4245
5119
2690
3455
9347
9573
7482
3415
8713
3661
4763
2711
5505
7312
1229
483
7987
8284
7783
3325
59
9244
3289
7832
1289
7218
1858
5717
5350
8791
4463
6105
3342
2058
3793
4528
5838
1476
8186
9226
5306
8237
67
5571
5627
7047
5437
7425
8932
8695
1122
598
736
260
6647
3525
5706
3320
3617
6562
1897
3667
8928
2626
6981
2911
9788
2178
7802
4351
9995
6259
2264
8784
7581
3602
2644
8849
8404
8102
6783
2239
4691
2467
6257
1769
8705
2283
1570
9923
8138
8820
6485
2437
9155
5637
4065
2147
24
1626
2493
440
4019
2374
5127
6907
3723
6504
9249
2692
5047
2023
3432
7528
5853
9303
5538
5311
1596
1149
8724
9927
66
4815
9166
4242
8763
7508
2452
1050
8071
6027
1001
9300
5158
5336
8922
3970
1266
457
6564
2355
9017
9319
2483
2869
4790
7303
4328
9275
6315
1392
2677
7801
1837
1959
7289
2220
1852
5765
4179
2135
1294
1899
8004
6247
1431
9100
9926
4904
8038
2152
3507
433
6863
5498
8947
9307
1120
1063
8341
8351
2579
4294
6585
5212
5375
3679
9400
4616
1739
7084
1505
734
2752
8076
5441
8406
8810
3878
6222
7474
7003
4651
4400
9236
6860
148
8797
3501
9313
6955
7471
6352
8615
5
3203
5605
3372
9996
465
7274
8923
7787
3603
4756
5507
595
4661
7731
548
2747
9143
1395
1557
1908
9889
5743
1508
8458
1140
7120
7275
6982
4089
9235
4731
5600
7560
744
3864
3346
5495
6518
6337
8328
3261
1741
5610
5700
5330
2451
2264
7566
9045
2096
9368
6760
2457
1509
4700
2095
253
1479
1971
7085
4311
4186
8836
1612
7708
1608
8983
3237
6254
6129
8416
8726
4227
316
3848
3362
4574
3595
6938
6035
6428
2572
5079
410
7004
4876
3495
1143
108
1399
9981
8756
525
8106
4661
5883
9842
9370
9708
5209
1914
1053
156
6106
3032
1781
2531
1507
4635
8301
5535
2526
1039
2460
5336
9024
8863
3527
3626
8103
2532
6195
8733
9439
9583
2968
2883
2372
9615
8145
7501
385
1840
9807
9050
3319
6992
5149
1021
4521
9007
6207
7658
7348
1859
2628
654
7228
1332
5706
7848
3890
6922
7056
9975
4609
9682
7862
481
5384
7943
8513
5580
7570
5027
2668
5245
481
3041
1368
4556
585
1677
9091
544
7080
475
4150
3388
9667
2545
4617
2485
4956
2642
737
271
7696
72
6170
8403
4172
4765
8479
1679
4176
6262
8550
7290
6780
845
8297
9922
7879
2953
6303
8084
8750
2508
1049
4311
8521
9017
4056
7766
4169
3920
2347
6440
8846
1223
6582
5582
1333
2710
6959
7608
4975
5295
5922
6100
8716
1353
9461
1716
8662
8408
9797
6299
7915
7146
7407
1635
9074
1360
1819
9998
2942
2839
802
2616
720
8882
8432
6789
1302
6950
8228
6780
7106
7185
5925
7215
5910
1512
6255
6406
2235
8988
2251
7079
3153
9192
9068
4181
5841
8442
4470
4834
5230
7659
1481
7649
425
8461
3579
493
1972
1312
9971
303
2910
3089
7761
9520
7117
5231
8396
1436
9418
2363
2900
9327
7302
8283
4437
4159
3099
8299
2461
4133
5485
8162
9924
7785
2943
6972
4362
5017
2626
7881
6751
7381
8887
9393
1836
7658
9094
6866
9711
4026
2263
968
2931
1060
8750
8855
8782
5046
7732
2904
6612
4859
6720
3742
5304
5218
1636
9875
947
237
9588
7316
2493
5234
6257
9990
5976
9970
4851
5540
413
2307
9878
1286
9422
9741
9339
9039
2234
3661
8368
2387
5071
633
4282
6643
3049
3553
1197
5479
4601
6638
78
4551
9457
1434
5760
9733
2107
5659
2874
234
2825
9677
3946
6060
8824
7339
707
9496
3182
3690
2242
5954
1506
850
687
4295
3850
7514
9438
6955
1439
2607
5412
8851
4206
9537
407
8193
4248
1130
4911
9224
4408
1611
5897
8795
8180
8084
2506
9286
3469
7872
1999
9416
4721
6923
3459
8668
752
4961
2459
7315
91
3685
5371
1023
2904
7002
715
3790
610
9073
3780
7585
7198
160
1877
264
3064
4603
2834
732
8988
9874
5755
4953
5984
2439
8491
8262
8030
6682
1367
7539
8192
6403
7190
5917
8196
6411
3296
9984
9727
8615
1519
4586
1582
8209
322
4472
535
1333
8673
6863
8430
9430
7786
4665
8467
7867
9242
3595
4633
2265
615
4015
6322
5837
7610
5730
1637
5446
8282
7243
9730
9149
9427
3607
7564
8707
1926
7678
709
3493
6634
7843
6616
8910
32
1885
1823
2569
5924
7069
2116
7394
2351
1835
4421
4232
9545
7665
1488
48
8348
3556
8958
3353
3860
9243
8477
6360
9363
9469
518
6160
4785
7147
445
9519
3152
8167
8870
3384
4173
6352
8900
6152
9683
9163
8476
4151
4521
6976
521
4574
9276
9774
4313
9423
9463
7883
3941
661
7662
2427
1614
8905
5611
9564
2130
7166
1103
8733
2829
9561
5594
5785
7260
1233
1494
3940
4973
8111
670
5184
9187
6066
2924
668
9990
3298
1663
9930
2695
8670
5275
8428
6816
6756
6395
8938
3290
2413
801
9250
3960
1443
4014
2236
2049
1039
6045
713
2091
7459
1898
7464
3395
5409
2817
7300
3017
2006
1200
4686
8199
5479
7550
6114
8818
5094
3445
8552
2682
2001
2602
5530
2156
2919
5630
6157
3094
3623
1661
6974
5962
7608
7219
9658
1292
4607
3902
6041
7414
8752
3455
2281
7755
4436
1850
1491
9319
5330
3869
6795
2085
8094
5742
4569
7179
3851
6492
2623
6624
6702
2551
695
9086
8864
3004
5275
1827
9872
4793
6896
3265
1011
2383
975
8036
5992
6836
6977
1363
1693
1064
5463
2992
9911
3776
8499
8507
1810
2126
3111
4835
1798
4434
8184
7323
8210
4585
6030
4203
4487
8900
491
3597
3075
6676
9749
6040
7129
8928
754
5627
4458
5049
6047
7935
2274
5925
6237
926
1073
3671
1593
18
1636
2576
5846
9301
3967
8895
3864
3704
314
9812
7072
7936
9717
7698
719
6315
9529
5634
6457
5441
4157
7460
3128
5317
5586
5585
6282
681
4459
8732
7848
1297
8140
9639
6851
9681
9534
9153
4877
7472
9884
973
385
13
7133
5998
6977
9136
1854
5118
9514
2122
4939
2334
5062
4294
5434
2983
5325
8321
6197
2528
7929
6053
2738
5945
6309
241
944
1539
5680
4757
1728
1490
7348
9448
3118
7019
126
4972
2650
6279
3833
2682
7143
1418
5164
4103
1872
8653
8956
7496
8450
7271
9823
178
9034
4954
4863
6842
5387
2154
3302
8075
1707
4360
716
7590
9116
669
7835
6243
3714
8722
7835
9605
5382
812
3023
6140
6422
1045
4522
6820
8870
2789
5455
315
6023
5760
5381
2192
8834
4072
9523
1671
3106
1763
5773
5561
3259
8328
8379
4424
6795
4179
2723
4895
5835
1320
6434
2376
7009
5780
7036
2264
4646
1855
6125
6005
3679
1725
7259
7319
2986
6452
8635
1692
2599
3719
5436
4454
6224
1009
4259
5391
4391
4990
7268
8893
2698
4467
8618
2752
6965
3758
1700
2615
3797
8392
4157
7203
1780
614
3685
2500
8502
8447
3281
5439
1471
9224
9371
7985
2671
5899
1047
7405
7547
4166
3076
2417
2904
9648
6315
3623
70
3478
8664
4535
1208
2276
818
2778
1116
5455
3816
409
7547
7758
201
1507
6350
745
1536
9870
9962
7578
8827
3685
1386
625
950
8272
3640
6947
5865
4114
9800
466
2507
7019
9201
9847
5856
9789
5225
540
9798
9803
8156
3990
281
6301
1416
8496
5374
3665
6120
7747
5346
8444
9402
8705
1263
2430
1791
5553
6391
4
9071
900
2192
54
6503
3590
4253
6448
7216
9920
4117
2239
5085
6763
5795
9553
2961
4415
5673
2862
5994
3145
8113
342
78
1098
9201
7280
2528
8780
154
1874
5951
7761
2109
2686
7148
2116
9051
1401
773
5632
7192
7431
4371
5807
7499
1618
12
