4000
4986
4309
4266
1270
7520
9019
1286
9561
8770
6593
5496
8064
5643
949
3359
4588
8604
7094
4326
9540
4853
7887
3850
6236
5712
1779
24
7073
3112
7974
853
7183
247
6422
3511
4911
2732
3445
9696
4785
6987
2388
5980
9074
8079
493
3920
7385
6539
557
8178
7475
4206
6412
4599
4521
996
2091
7575
9436
7049
5624
9933
9117
552
1297
2922
8618
9186
2835
7482
872
2939
7821
7582
9114
2030
1094
7000
4284
9312
120
3446
5646
3362
9063
2533
7872
4416
7826
4534
471
7606
5061
6718
3513
2370
4616
1512
2970
7413
7976
533
5348
4868
5648
6916
764
3227
3604
1756
7879
8080
9049
2357
6297
2517
3204
5527
341
2727
4942
3803
2310
6436
848
2430
8456
6425
6369
4611
5860
9801
2233
5639
2039
3738
6897
2880
2878
3178
6122
4895
3759
383
4390
3141
8599
5211
7654
6930
8748
2622
7553
5224
1502
8822
1150
1534
207
2849
8239
9297
8331
7123
6426
4564
3670
2771
741
6216
3329
9055
3516
5958
3033
4816
8066
9833
1756
2265
1202
5530
536
7385
5633
8003
1442
464
9459
708
2464
5293
4886
2964
9524
4262
8942
7247
3205
2209
7294
4014
8283
8239
9456
8117
5607
2617
9265
2373
8253
8530
1724
7314
1295
3340
3025
4527
6567
4422
6098
6932
688
7331
2826
2418
3617
1686
2218
5821
1176
2905
4482
7368
3183
413
7496
7135
8366
9996
2632
2717
701
5354
5288
974
9171
4266
4902
5535
5792
989
8752
4530
8835
6053
2384
573
3993
1655
8914
2337
6227
5135
531
4921
1330
670
9145
5721
322
94
2073
1365
8960
4102
5049
6835
4361
5480
2706
3865
7841
3256
1009
9584
7501
2552
9946
1787
3981
5454
1753
2720
4473
1639
2423
6852
1479
1108
2870
8742
2919
2978
4154
6001
5323
9977
947
8581
2789
9530
426
9536
3935
7371
3448
6005
6242
9471
462
1278
6723
1838
9412
6190
4784
4132
8082
5583
8307
7093
3732
6666
5296
7150
7101
8918
9025
7719
6492
7719
268
3444
9299
7063
3309
4843
1930
8963
9189
160
367
4940
543
6507
6071
4686
987
4043
7222
9741
5673
7412
8423
1626
2003
2612
1160
6550
8951
1252
7285
5182
4624
5706
1952
6004
4208
6826
4778
8222
9308
1117
9809
6887
8148
4554
7013
9524
2829
3888
2424
4850
4509
9094
2818
4410
1202
2745
2798
2262
1888
741
2053
6605
7237
5727
1333
4538
9595
8703
8925
9659
9721
635
712
6453
278
9470
7891
5221
91
9351
6029
801
9044
3422
6698
8669
739
7873
1076
9482
8160
8061
6350
3929
3489
9400
4614
7229
5634
1099
487
4910
9906
4381
9672
8457
6954
9595
981
7972
170
2947
3608
8880
3873
4848
3811
8760
3752
2912
7996
5254
1868
7920
1477
6085
2743
4441
7287
8529
8410
260
3356
8266
9897
8937
7510
4679
8579
4773
6862
5766
5980
3674
8796
8274
2200
32
6272
8446
4039
8601
6428
7102
9448
5506
3374
7766
3467
7222
8589
2345
2598
2285
1279
7235
7603
2401
8244
370
8165
2337
4035
447
5446
8366
1999
2139
2222
4498
662
5940
6370
8705
2822
55
6358
728
9420
9167
4240
3986
8059
9115
5675
9290
1605
7518
2244
3770
2968
9392
6373
1410
3016
5058
3324
2692
5733
2207
3607
235
8585
7102
3854
4316
3040
3459
3164
7221
1572
6517
3676
8963
1540
7994
4892
7679
8049
5295
2784
7496
6661
5204
5654
3836
3904
2196
9890
5615
1264
8482
1430
911
9740
4974
5663
6014
1213
2551
4206
6062
6586
3579
6097
5099
8446
3034
4382
225
5944
6761
3307
4239
847
2242
9101
7075
9248
7640
7500
789
1894
4648
6431
9920
7572
3835
41
2186
9825
3336
8367
6005
7857
1238
7076
7102
7388
4351
9620
131
9214
9441
8921
8562
2026
3278
8397
2780
4971
3235
9421
6824
6585
6805
5430
9572
8500
3223
1327
3446
7297
1400
675
6800
2718
6170
265
754
9555
9757
6482
9850
4550
6154
7662
934
9467
5276
7419
1930
6599
4104
7483
4621
4703
8861
5488
3230
5490
1894
5783
1316
7855
3101
9519
7954
8516
426
2068
9114
1397
4904
7661
8360
8005
6297
222
3151
8772
3936
9402
7409
6246
9580
2936
7096
1227
9364
9857
5762
2368
4589
6148
3961
673
681
7654
4224
505
7274
569
7577
3048
8484
7448
8483
7967
4369
4732
2529
347
4974
7998
1382
9500
3186
3306
1372
9425
2286
508
7893
5314
5888
3929
2536
8458
2466
4925
6685
398
6191
8524
8788
5358
2422
9159
5486
6088
1095
3022
9519
803
6794
2844
7404
3886
8911
1635
5391
4821
1951
7045
7097
9693
3234
5964
1879
2734
2522
5846
9453
2154
5053
4257
8030
3485
5104
5519
6670
8115
1918
1926
9631
9392
9896
7943
6263
992
4774
4424
3203
4860
5692
2064
517
2981
5415
3295
872
6689
9863
1608
1172
8415
8647
1212
9421
1800
5143
1811
4822
7268
5387
665
2291
8198
380
7524
2220
7350
9980
4669
9149
3513
7687
5730
762
6814
3605
3255
1744
8359
3467
8693
9447
1474
2625
4464
2707
2643
3711
9032
7370
225
3377
1388
9552
6410
1130
7285
141
8035
7476
7239
6385
1583
1605
4911
1982
1483
685
3176
803
3140
9676
3809
4505
7606
9313
9539
1557
2755
4572
9121
9278
236
2149
6721
5385
5774
6150
6769
8448
92
8339
2055
1458
7364
1722
2474
4228
3073
1381
8935
1748
3117
5277
848
9454
3217
7880
7239
7175
6378
3635
4659
3527
4617
1595
3197
1988
2712
3524
762
3081
7604
8861
6100
405
7579
827
2087
9968
4115
6081
9717
9609
6533
5793
1447
8954
7060
1917
9969
6109
382
5254
513
5336
7614
9910
6276
6803
6203
8824
2772
8090
1184
6629
8497
2910
5033
6858
3995
3366
3111
3572
4105
9828
7728
4878
7578
5298
6982
6897
4886
7850
3474
4538
207
8437
7629
7274
297
8315
6923
4311
4835
7257
1940
8495
9954
5153
2896
8908
1833
7115
3102
6659
7654
4458
8162
663
4091
201
5561
7627
2184
1219
2026
8980
2226
5218
3354
7788
9090
4320
1212
4115
8316
9625
1491
7536
826
3426
2997
1014
4069
4994
2767
6689
4624
5262
1551
640
2353
7651
146
1116
4812
2428
5274
5270
9277
2436
1691
2176
1634
9093
2642
9809
6707
3359
2946
3660
9759
7380
3453
9082
2708
5376
7372
5427
7562
4870
8203
9724
3949
5173
3684
9435
9670
8153
7254
5446
1141
5390
2674
5097
3660
208
1121
1830
6587
2574
2517
502
9187
4044
9355
6430
1337
1399
7786
1373
3738
7540
7115
1441
4421
7090
3588
7994
5642
5822
4467
5382
5885
3204
6195
7819
4438
5187
8782
9524
8696
3434
4672
6915
1419
2414
9283
8804
9497
6813
9356
9778
6722
685
7393
5938
2605
6206
3158
6509
411
798
2035
4636
7497
6907
3027
1852
8546
8755
1516
8944
2830
7687
4406
2854
7116
3278
9337
8962
8967
6470
7895
7926
7528
5189
5427
1123
7287
9245
1981
9049
5999
6062
7484
266
5406
5222
5750
2397
8245
739
2703
3727
9890
8297
347
2691
5976
7855
8402
1674
1096
1668
1887
7886
8190
6351
8804
3336
1242
1652
8894
4050
6601
5266
2065
246
8655
2089
4112
9253
19
7401
2715
6419
1528
4277
1205
3744
900
1671
6464
6402
8751
7453
2743
6285
7609
6465
4088
8437
8103
8038
4861
7883
3388
9230
8758
5442
1969
2840
164
1173
3473
1527
7780
5730
9651
7614
5878
4926
3412
9000
6873
4044
2832
1924
5877
3321
3485
7069
1348
8782
2852
1863
6525
8520
2557
277
3359
6596
9175
6696
6071
2964
7105
4194
9214
7742
5287
3993
5154
4404
668
5383
8943
2302
2592
3037
6042
7971
3806
8248
8074
6967
5269
6300
9683
862
4801
6364
4000
9871
8517
2380
6285
755
7383
7054
4718
2237
1081
2776
8703
884
9263
8823
8968
1467
2402
4717
2685
6913
2544
5845
6080
7348
6989
680
9907
2977
7210
4935
110
8342
7216
1128
2265
4473
7401
8991
7335
2033
3836
7265
4719
7554
8739
7166
760
2470
3962
3159
7792
5175
1382
5722
6969
553
2352
831
9312
3316
3773
2922
5340
4767
1435
2561
1696
376
1658
7080
9180
6496
6356
6920
278
6963
2010
2526
3649
9829
7789
5967
3623
8600
9174
5929
1529
9546
1091
3237
1423
476
3838
4585
749
9341
7387
2666
8357
8900
2061
8142
6483
9005
7446
4319
698
2186
3482
828
2728
6971
8383
9850
1192
2649
7427
4039
3924
4091
7513
3903
7716
4876
5521
8327
1959
3332
2435
9239
3789
4338
6536
1893
6688
3179
5669
6924
5949
5292
1509
6636
194
4572
9490
9258
5909
8413
944
4280
4526
8529
3414
2928
9426
7576
2490
9465
6686
5000
9911
6604
9612
5478
733
2929
4981
7536
4102
1682
2435
7501
2193
6737
6226
3036
348
7109
338
9561
722
768
3771
782
8303
7436
6574
7366
4876
1027
5172
6796
5004
5902
7990
6067
3042
7013
5719
7951
8844
4437
8306
2176
6448
4432
1915
1759
2961
5759
3173
6496
1054
6770
1952
8199
1591
1031
4012
5928
9789
3337
190
6614
6117
3024
2750
7181
5657
5254
6795
6924
9340
426
5756
9513
3127
1758
659
9704
1172
8042
1664
3207
3606
3843
160
4752
7507
1734
7391
6562
8784
7038
3585
5033
5415
230
5945
5897
2471
2585
4436
9578
7992
2276
645
6637
8122
5932
7262
7357
905
4108
407
9569
7343
6999
8798
2238
9270
908
9932
1241
2232
6664
9552
9193
7669
2581
7770
9387
8432
6015
950
2815
647
7207
9106
7760
5741
2929
1726
8097
1253
2904
6160
5395
1901
5026
80
131
7877
3374
1687
2848
1466
9529
4591
2666
6404
879
8278
4374
6792
2607
8309
7678
3658
8216
1335
4213
8899
7023
5353
6488
2955
275
7245
8176
3156
5207
8090
4037
7315
398
547
3996
7819
2470
9602
2080
6583
7675
4337
6735
4051
6267
4677
9339
5480
8922
2504
5489
770
3820
2465
9638
7040
6303
6290
4333
6712
9548
5534
5494
8036
6578
7637
1968
6861
4722
4061
6911
2
8698
8254
2681
9141
5209
5019
7594
5650
8753
3560
4615
525
5738
1612
2639
9783
9266
5668
5918
6412
8915
4417
8491
4157
6893
2560
4705
8469
3235
6932
8731
6282
9250
2722
5497
6785
6475
7353
4975
4782
4625
908
1836
4183
846
8877
7208
6068
8832
6391
9190
9830
6929
7992
7465
8097
7524
329
9395
8439
1419
6012
9160
3042
8854
6353
9522
509
8293
4853
1726
3711
5535
7863
7347
1574
4155
8776
4275
3660
3163
5935
1225
3240
9065
5686
5522
7876
5210
852
4681
4295
335
1304
9979
2494
6138
4719
377
635
445
1826
5691
8234
7422
4047
8433
9084
8742
1857
8021
2098
3385
1407
4748
3704
8801
1071
9692
6443
7539
1989
5608
7928
8723
3180
4646
1811
2114
3871
2561
8417
693
2836
4474
3826
2
1957
4841
4062
148
7997
338
6283
9245
7996
1123
9688
3435
7527
2745
138
8131
5983
4883
672
9114
2684
8334
724
1795
3701
2351
1505
6402
7471
751
4188
3743
8912
3280
6896
3302
7343
3774
3738
4972
2761
4145
5965
6956
4930
2863
5411
991
4055
2286
610
1033
6748
3959
9382
8800
4855
3478
3664
5992
951
9854
4363
7178
4146
9898
2726
5571
6138
5981
1971
5256
1004
2123
8124
6360
517
1
9277
7866
2608
3102
2449
8388
9072
4021
732
7357
9127
939
6770
4507
1457
8619
5795
8822
7760
2009
8388
3134
6420
2644
1403
615
679
9812
3927
3938
770
4562
8009
4904
175
4823
3155
1247
4157
7373
4795
943
585
5698
5291
5502
6687
154
5961
8487
6717
1460
6974
1722
4240
8133
9206
1117
1150
5809
771
4911
1007
4664
4173
6653
7048
7340
9194
1806
5237
1105
5830
5609
2067
6574
223
7046
1863
6352
8176
4146
9726
6285
328
2460
947
309
598
7468
6470
3573
9044
8324
703
166
12
1374
9167
2226
1563
5684
654
6294
9505
8063
5095
8563
3746
1207
4252
3487
1389
5482
9431
360
6582
9352
5695
9273
4705
8842
8403
6965
637
4098
3686
2592
9163
1806
2935
220
9466
2823
1547
8049
4721
8566
2473
1046
7928
7781
770
8268
9203
8403
6060
5003
91
113
5481
5667
9627
762
9384
8468
9716
8080
6776
2761
3917
9009
1589
5919
955
3705
5280
4820
2857
1152
7007
1483
4020
5972
3182
5211
1718
4481
8384
7735
6413
413
1942
4009
1255
4192
2523
8279
7820
273
2473
4311
679
8140
6956
6079
1410
8830
1826
8373
5198
4211
1947
8997
5932
7607
18
817
8363
9465
2616
3698
1438
510
1081
9085
3881
1985
3421
7025
9336
6728
7262
333
156
3522
3713
2414
2499
4460
595
8550
9539
6627
7697
1689
6050
1955
2324
3664
8949
4014
2135
3536
9347
841
710
1029
1030
4768
6213
295
365
8154
2202
495
8448
2135
7272
8963
1682
7013
233
1277
3340
9554
2823
2890
1596
1132
5302
1182
3961
8100
8802
4740
1889
9058
8113
8051
1729
5953
9653
4909
1728
5819
4673
3041
5576
47
4980
3936
5026
94
5078
9724
2286
5782
3198
204
620
5350
7438
8813
362
9392
637
3123
6474
1420
8943
3261
5118
7129
1074
6998
643
6062
6743
5511
2200
6191
2842
4249
9625
3003
3776
4937
2684
7298
9117
5381
2183
7812
5519
8562
8396
9893
8251
6800
3843
9420
6466
85
5090
8923
4863
3718
8443
1977
9408
3989
130
6506
8254
1027
8377
9856
9146
4214
219
9627
534
8726
1585
7563
5246
5346
6612
8327
3185
3952
7248
5094
160
3537
2320
363
9873
4882
6140
4766
8864
1887
7388
6372
963
354
4376
5856
7369
6249
4302
723
2030
4358
8014
3056
5037
7311
4357
9018
7699
5926
260
2638
9243
1972
3629
4781
5692
110
9546
4850
8651
3737
8938
5042
4638
7833
2248
8641
319
9429
7961
3808
505
9175
2658
7188
5554
319
3316
1923
8228
343
6101
8712
969
1041
5084
6790
1619
6717
8601
4536
182
2983
6430
5783
2067
2989
8158
4885
6273
7837
497
6774
7178
8893
9233
9422
3103
6389
6516
1045
6777
486
2070
1623
7501
3550
674
1337
8155
7715
2733
5030
8196
8429
6335
8023
8261
7345
7710
1168
1060
9479
3913
6215
5846
3341
4159
6656
3482
6308
4617
7524
9494
5640
4426
8512
4844
2446
1890
8298
1064
8790
3945
2174
137
9279
7198
5078
4489
3289
4268
6456
7579
6790
9414
5465
5568
6106
1727
4015
8758
1618
6840
7589
2366
7713
6615
2103
3064
3364
3824
5629
2669
9847
7827
4773
3161
7889
5169
8601
5619
2155
8828
6943
8474
9374
5787
7247
5837
4265
7159
9679
8007
9938
245
4235
8566
1508
3471
5584
3159
2070
5009
6167
1951
9196
7693
2591
3176
3815
7836
2131
8390
7544
5842
1706
821
787
6092
3854
3601
2590
3833
5156
3010
2375
6226
5530
3858
1285
5943
1647
5083
3335
6344
4747
1874
9593
8541
4095
698
2870
786
6776
8535
5175
5058
6125
7616
1192
4350
4776
3584
412
9226
1490
473
4151
9957
8534
8245
8265
6388
4935
794
4715
2010
6397
5641
4209
4949
7659
6852
2064
4375
1660
8698
1609
2015
8812
1280
2307
660
4563
2221
3095
1375
9836
9218
9317
8930
6196
7444
6180
7080
6077
7383
6230
7705
8370
7353
2585
9738
2373
4425
378
4976
7188
1682
8565
95
4555
5720
1863
2547
7186
557
5220
4986
9047
1312
1269
7020
8919
6946
3305
6600
1829
8055
6828
1692
6893
8886
1093
5760
6914
829
8248
1024
1315
9908
4349
4868
6173
539
6584
2974
7930
7795
135
784
5735
3446
2890
6023
6403
4149
8892
9432
1267
5900
5809
1397
2354
3875
680
4667
9910
9764
47
9899
5118
5603
2629
8932
2391
3679
1162
122
6382
292
9459
37
6751
9563
2490
2584
4156
4831
9603
6139
3626
6332
2921
2824
965
5221
7238
2463
932
4914
9873
5014
7591
9093
9282
7409
5565
3495
6689
5466
1410
8500
6253
9485
9685
8432
2888
5298
1223
5940
7759
1351
2191
6089
1528
937
395
4288
196
5808
7714
2091
1284
6565
1636
4172
2919
9344
9074
5752
8609
7394
8186
1110
9896
8747
7531
9530
4664
985
695
1785
5014
431
1590
2665
2210
141
5399
5383
5621
8626
6562
9076
9386
6010
1032
636
3497
3285
8092
4388
9662
423
8139
9856
985
6373
9622
3998
5134
8306
5089
1938
5948
8550
8435
3951
4155
328
3902
8287
7422
8520
4536
5663
521
8812
4136
2138
4604
3476
3789
2865
1404
9820
8120
691
9827
9182
9434
7535
7022
545
6391
9027
6260
2098
6314
5471
6855
9373
2130
6059
1299
3624
5770
1410
8771
5484
1271
2010
7475
7409
7274
6449
1664
4661
3573
4694
4011
6729
5818
2848
8268
3032
9087
2703
9011
7893
478
2557
9594
1072
3721
81
1383
6420
8475
6288
7486
2672
9657
6304
7746
6688
6839
6842
8684
8999
7142
8859
2276
6235
9484
2279
6124
7038
2444
2555
3693
9332
2292
7278
9480
3302
4486
1187
7743
2593
5406
9037
2092
5243
2162
3039
2174
2084
7767
3407
6741
6869
5872
8630
8403
7225
7362
3624
4146
6404
243
7322
6052
3043
672
1252
2678
6210
8189
741
7518
9556
1240
3965
6979
7586
8999
300
6203
9075
47
2836
2095
7300
7494
7501
5051
6629
9392
8837
8066
7136
2598
2929
6159
8822
7878
1333
1478
8616
2579
7932
568
3647
8812
4373
8261
4040
3243
2554
684
9456
1220
6494
9342
2215
1661
1042
2081
6308
7916
7700
8208
3253
635
1412
2752
4673
4057
356
4573
1869
1147
5932
6867
7959
7936
9143
616
2178
7410
6638
5670
6142
3607
9839
6471
691
3911
4362
4009
9274
3001
4487
1601
9240
5958
5959
7595
9592
4383
3461
9519
8260
5833
8057
3936
592
118
425
9999
1571
6688
1372
7132
5810
3983
8589
9372
2459
9994
4120
7350
91
4970
9476
8055
8892
7561
493
4357
6991
8458
8540
5697
5010
994
4550
6037
6238
5043
7182
3133
9999
5930
4264
6163
2145
2894
4123
2226
3299
3049
1137
8044
6683
164
3582
8519
2390
1658
2539
1010
5866
8798
9550
4869
8346
2905
1128
5158
1972
5787
778
6536
4203
6003
6181
6510
5853
3034
6701
174
7792
1833
9320
4176
5501
123
4057
6581
9897
5420
7108
533
7068
6177
3005
9537
7616
9586
5570
6455
1656
3778
81
5955
7130
2959
5127
9186
3531
5253
3335
3266
6661
1117
9907
5126
6215
9666
2505
8598
9737
3508
6573
9602
8267
4725
175
3479
5033
1569
5001
5626
4669
6267
4008
1698
8913
4803
9748
1762
7887
9155
5229
4
2423
297
8244
8849
7052
9214
3955
8732
7563
6757
3322
9231
2249
5919
8679
1852
7208
4875
6753
5206
8662
2604
8177
1673
8803
8370
4510
5683
8572
8634
4467
8502
5161
529
5887
1814
6015
5876
6361
1804
2930
5539
6638
7981
6619
5027
1673
3477
3266
4931
9917
4541
2057
5719
2658
4780
5428
4624
7578
9081
6264
6444
9326
9950
9183
1961
9018
840
5461
8085
7649
1867
9571
562
7774
7010
1302
901
4681
3621
6506
7165
4131
5171
7032
3360
8286
5790
7065
9601
3883
6791
3574
7502
4369
7934
8046
6662
3799
3819
1731
8888
2110
4123
6593
9414
5726
6050
6620
5529
7179
8031
1829
430
804
1661
2136
7245
8665
4101
9285
5530
7238
2225
6633
1908
9984
8172
5049
827
4538
1525
8955
5472
1764
7986
7152
5956
1889
1088
946
2466
5476
8409
4822
4392
2535
6879
4573
4656
6279
3972
3693
8542
7647
8204
5271
9650
1295
5994
8453
5389
8792
8295
7922
4768
8839
6178
1701
4511
1084
9345
8108
9493
8583
2773
257
1521
9550
4620
3867
4447
6860
5119
2964
7505
8601
4236
5618
2203
9218
2350
4869
2255
9733
5576
3708
9645
6860
3217
7636
556
6867
1480
4237
2854
2679
4441
9547
8445
8797
328
9798
7115
9757
4666
6974
3912
4169
5460
2384
3925
1837
5803
4541
5301
5589
5274
5661
7643
4613
2641
8239
3501
3081
154
5323
5848
5738
2376
3015
270
3722
5384
4418
9419
3036
4041
5360
182
8643
6280
595
7762
6981
2100
5058
3347
7979
3265
6969
8541
9672
920
5196
2328
8067
2171
1625
4289
5331
6501
9369
8618
8567
6912
99
4002
687
7233
1038
911
3402
6478
2672
4279
6061
7039
1287
717
284
5426
2115
1641
3976
9976
8639
609
8629
6030
6186
2787
7543
8854
6342
1797
2425
3859
2732
6131
8457
5876
5690
6999
803
247
2139
5943
872
3247
97
8712
6539
1920
2977
5521
2489
9351
3467
8842
3010
5895
340
9795
4472
5230
3938
577
2275
3062
6243
5587
8014
4631
1626
9075
1634
5017
5368
2967
3548
9320
9667
1143
1310
8736
1861
2106
6623
7672
4964
5369
9167
9083
7897
517
8380
1729
2495
2340
9546
3468
9546
4710
6098
3518
2898
3926
6074
7656
3738
6988
8525
8413
2513
783
214
2758
9669
5911
7214
238
7167
8241
1104
9021
8094
588
3349
5443
8899
1761
2834
6698
6839
1599
8474
7837
2789
6452
4448
8695
1815
7368
365
4596
7696
7042
6714
5973
1811
7598
4027
9567
9583
4599
5912
7266
2632
9390
4665
6391
4770
3644
2382
4819
9132
8532
5096
8569
5975
1921
6072
1243
4306
4399
1841
7712
5795
8342
1436
3217
1012
9057
7512
5566
3832
3021
764
5454
7001
4125
8411
3603
7391
3930
3427
2700
3838
119
9266
2244
2589
5634
5189
3319
1614
1351
9630
9653
5903
6527
2353
3647
5292
3749
8043
2447
1471
7849
9664
5492
8614
7182
1360
6090
8974
1086
356
6632
2897
3037
3403
7651
3306
8298
2300
1232
9713
1778
4855
1975
9847
9615
204
2915
8239
1278
2807
6086
2679
2830
5559
505
8274
6020
6746
672
3252
4860
7975
3884
5177
1850
6103
9307
9858
2462
3392
7322
3197
4741
304
2090
6544
3900
5586
4608
689
8976
304
6
2357
3089
9638
9552
6691
4581
3854
233
1220
8936
7230
9468
1194
6401
3114
4110
9402
7360
2807
5096
8887
4212
2493
9858
2893
4377
1415
7803
3062
1502
4139
3573
4508
7365
1264
1214
8796
4515
6193
5049
9747
1895
2509
9242
2920
9895
4056
7473
9845
8470
5890
9678
9092
8403
2290
8291
8194
7226
3407
2119
866
8269
9946
5158
3905
1278
3339
8246
3233
2403
3606
6436
2980
3020
1642
8477
7799
9360
2246
1689
9720
5475
7864
3761
822
1397
7555
9249
5236
1572
3101
4297
8969
6993
4451
5757
7927
9104
7481
5692
8581
8681
4609
2654
139
1819
4758
8503
5962
1392
4727
248
6438
6828
5307
9813
8322
6463
1637
9472
2198
2346
9845
4036
4574
7086
232
7582
5682
7392
7214
4534
4878
1608
3734
3356
2589
2393
3032
716
9895
8523
942
6164
36
8948
3856
1437
2491
7205
3067
2548
8396
5136
5453
7021
4375
4456
7215
4861
4599
1681
3807
678
4574
2950
857
6288
9997
7049
50
3138
0
6276
673
4351
1525
255
283
989
3495
6747
9225
4994
27
4971
1335
9655
8646
9794
811
558
7817
9655
2816
2192
554
3285
4591
6319
7536
1935
3881
1610
5323
5313
8723
7199
2269
6321
1727
2698
7689
2868
9315
7196
8807
1549
9128
6647
6688
2049
5840
5301
8236
3622
2341
7289
4534
9850
5898
3885
1353
2863
2721
5450
8410
8036
5353
3254
8913
5135
256
4744
436
6710
7789
5767
7906
173
4051
8416
5690
5257
755
5879
6197
4147
225
6084
3462
3192
7536
1166
6845
446
6637
5846
9794
8401
2517
6394
7444
9020
5396
4138
414
131
7083
3591
7954
3836
9741
3111
6342
4206
1286
4998
9912
7473
8377
5814
9006
9061
9252
7815
3310
1775
1138
1409
5799
8894
6669
9870
107
3964
1165
2453
8041
2048
674
2097
1403
6304
2170
1280
9993
