6000
984
4109
6053
351
2753
8739
8314
315
2079
5313
8084
9687
4682
2568
4235
2841
9858
8163
3284
355
4719
2751
4721
5417
5702
5047
3860
3997
2087
1356
6386
457
3075
6749
8578
8265
4300
3817
7108
3730
4148
1838
6190
7683
7287
6396
1442
2070
1397
2012
9819
1875
2791
2646
7206
3954
3347
3252
6974
394
8043
2177
4671
7643
3599
1388
8844
6564
6019
3471
2429
3346
3691
8087
4944
935
514
4383
7455
2578
6426
3837
4210
832
6110
457
1819
5758
8020
6182
3088
3498
9374
9742
7910
7126
5791
4206
552
1719
379
2891
1159
4720
2071
9743
2251
8758
319
1028
2792
4464
6742
6284
1436
7806
6760
827
8260
4946
2124
8225
7983
6527
1909
248
826
2812
3895
6822
922
933
1591
4191
9720
1247
4044
6699
5654
9366
9729
9071
528
4325
1292
9355
3646
3344
9496
9807
6326
3809
399
619
3822
5582
5396
6625
6127
4868
7340
7337
8581
1458
8268
3857
6690
532
7214
6175
8083
233
2269
5669
251
324
3616
6319
2555
4780
7508
2427
963
976
1313
9894
2625
3451
5054
9903
2328
5343
8657
5674
2413
6657
5983
420
2107
5265
3649
254
8150
8165
8855
9864
8732
5537
9351
6715
7368
8949
750
2354
7744
2418
8695
5302
1534
4970
4681
69
27
163
6154
5183
6711
8200
8594
1628
2678
7053
9690
3181
6788
2508
9859
8589
1977
2337
7763
7476
3560
7358
4779
1961
3281
5244
836
7984
2630
9151
4887
8951
7883
8596
1403
9609
3510
2297
7465
6446
8390
2041
2508
6848
5585
9956
6869
8297
5877
8567
6058
6558
5167
7260
7694
7186
4298
3393
1596
1688
4432
9213
3021
1658
700
7189
8649
8911
1359
8426
5930
9116
1265
315
1212
4154
7952
6143
3392
3487
9060
8535
288
1036
3603
2468
8525
9027
5296
5301
5332
7122
8061
9514
7279
6512
3442
1194
2679
6787
4918
6685
3527
7244
3738
2631
8348
7856
5637
6946
9721
7091
3530
6614
103
5011
8086
6424
2650
8190
8389
2397
3006
7857
500
5657
4256
7071
7473
6936
3209
2714
4510
4807
773
1121
4597
9968
4194
7285
4293
1169
6740
2345
2907
1064
7413
8326
9772
2189
8794
8137
9166
636
2000
5274
6167
6221
8933
874
2733
2482
9492
5447
2044
284
1128
3294
6438
1370
1313
2319
4516
6576
9429
5702
4811
5184
4157
7803
7626
343
9408
8455
9183
8278
5342
3297
4634
1195
6210
1220
7546
4668
5083
1151
7827
256
1604
2090
6080
10
142
8991
997
2722
5535
2860
1790
322
468
1172
4339
9082
9922
4988
829
7520
3818
4873
7618
8376
8651
2852
7068
6315
4722
7590
919
167
6924
86
9209
2131
4028
3996
7149
1725
4071
9617
2744
1746
189
5285
5756
474
1250
173
1658
6141
6442
951
2098
9302
5652
8891
7607
1682
8541
1872
9566
181
565
5479
9860
2330
7871
1896
4191
8532
8033
8536
1949
3669
9356
8788
345
9850
1301
9180
2732
7474
2034
9438
8127
3978
7872
9934
4991
8342
5681
2624
6921
7661
7459
2994
3189
7249
1755
5688
2064
1834
5057
6789
3169
9839
1221
7426
7709
8528
6095
6399
7493
6738
4692
8420
5597
3368
1460
2514
696
1882
1713
2890
4159
7413
9114
6858
2144
8319
8181
80
3043
2725
5131
5228
1368
9635
7884
5462
7964
3438
1636
5833
3707
1234
3910
8411
8271
2436
116
8761
7430
4323
753
6516
2514
6095
4861
4962
2009
4662
6992
9059
1645
3047
8002
7809
3974
5141
3878
5250
8395
8202
2695
8190
4048
421
459
3591
7849
9201
3300
8281
589
2660
1509
8080
5414
9937
2818
8864
8852
586
2144
1590
5473
4197
7643
3065
815
3849
3654
9275
30
6518
9645
6482
8938
9039
567
3709
7872
9749
2408
9333
9297
2881
9778
9027
496
6621
8859
8616
1253
5007
5097
7132
3300
1155
58
1462
8888
452
4673
357
2440
1591
1258
5481
2491
7413
335
2257
4136
195
9315
1282
4135
1407
7579
864
9811
8584
2477
4252
7824
42
6656
9162
6665
485
7203
3870
4979
8730
2506
5251
1166
2466
3794
759
2601
6426
3974
5446
6708
4606
8426
2834
7281
8353
2516
8332
8164
7782
1595
3058
2474
591
3416
8644
9781
1807
7081
372
3125
6302
1668
3594
6067
8153
521
8753
3191
7235
4048
4626
2105
1644
4737
6010
1924
2811
8114
2347
3286
3755
2507
8076
8293
9440
8197
3614
8364
2421
7121
4908
1682
1236
1990
7661
4188
5025
2114
8170
9656
9043
3777
9494
714
9039
9868
2255
3268
2658
856
3728
6846
2219
3231
7808
9062
4308
5084
6011
4881
7035
80
3786
4415
3281
1649
993
8956
9293
1138
7142
2018
1742
1342
4761
9788
9500
5998
2516
694
3546
7386
480
6352
4122
7532
3505
2209
7692
208
7327
5560
773
6055
9075
2958
6136
3995
7834
5656
51
2813
649
6664
9321
3418
5837
4514
1751
1420
3933
9500
1733
2749
8431
6127
5356
2230
3187
4795
3134
7269
1504
8278
3638
5149
8697
5060
4349
8199
6972
7011
6454
2695
167
4862
4487
6249
1623
4529
1108
8458
2382
2172
1386
8915
1904
944
6932
6240
3130
8246
6174
1375
8528
5855
3668
8932
3170
7030
1125
1930
1802
5858
2762
9571
7108
4455
7709
5136
2554
6748
6135
4892
2571
40
4762
8002
6808
7910
3928
3728
5259
1527
9822
5859
9748
5766
8833
3505
5393
2902
4531
8806
4793
632
6578
4454
373
6569
6526
5794
1275
4584
9428
4101
7513
2710
6187
7534
106
8181
4890
7096
2008
1299
1221
244
3887
6080
2226
9608
8026
2154
3676
5985
7228
6186
5891
3028
6876
1719
7518
611
1406
2537
9887
1419
3786
9640
6897
4985
5356
1523
1904
6109
8855
9564
3620
6470
5718
4160
6812
541
7569
8852
5043
8414
8888
7419
9314
2305
6879
5525
306
9607
2454
3522
6411
3792
9828
2196
3662
6137
32
4337
2876
8482
9851
4663
4961
4510
3677
4427
1697
3620
490
7594
7037
386
7473
4592
7825
5201
9713
7607
3389
9683
936
1575
4846
3769
7306
684
9369
4593
9050
6901
5427
5789
7992
8937
144
5423
9063
2404
5270
9440
5242
1567
1981
2944
9850
3213
3365
4039
1606
1713
7300
6938
8712
4589
8234
5033
3632
918
3587
518
9007
4067
8409
7184
7778
5012
6931
1917
5257
4304
5263
8198
1731
1174
791
5884
8456
4789
8930
6440
4723
2679
5258
6336
233
6072
6677
8614
5802
9284
4162
1482
4147
7871
2322
2912
8014
3486
1217
8108
279
66
8383
3946
6683
3029
8752
9130
8575
269
2812
952
9242
6637
7363
9850
9584
8699
9553
2402
8077
2060
3514
4291
7642
4555
6546
353
7742
41
8491
5025
6532
2879
6060
4959
101
5727
6795
5183
898
9880
8807
6139
3953
2391
5940
3835
209
2426
995
1474
6395
7697
5821
3509
5415
7150
7101
2423
536
315
6567
3551
9557
5802
4217
155
7621
4231
4700
8110
5782
1882
695
7524
5291
3337
9952
2055
783
7915
8671
5242
4058
4166
7986
5554
3519
4218
407
2165
7455
9735
4505
3930
190
2168
2809
800
3967
5635
8856
9147
4543
8792
3503
3401
4075
679
5036
7122
9183
1935
8521
5406
2125
4945
1594
8432
7110
7811
6755
8880
7415
6512
4548
951
2082
5788
1282
1923
5944
5286
8419
2490
5281
3334
8101
6732
568
5302
3547
289
837
1612
5509
865
1208
5333
9483
2690
3919
430
3303
7612
1636
1372
7692
2857
4518
9403
7302
4296
8290
7940
4143
4864
3039
7271
7291
8625
1811
9048
5633
6951
8692
6998
3975
5064
1631
8358
6953
4237
9327
110
2181
3005
2922
2318
2950
7012
5998
4009
602
2722
19
5632
1026
816
1661
7392
9575
2494
129
2898
451
1320
1345
7200
4947
4071
1206
200
8519
4739
7689
7353
2850
3686
2414
8025
373
1052
6765
7241
1859
7479
3742
5168
6448
30
7280
6948
9947
3301
6487
9144
7333
5993
8192
4591
2108
738
3394
5071
8377
362
3506
6528
5795
4668
4130
6963
3309
7014
6696
752
8563
7465
7927
2327
7532
9295
4444
728
8492
7628
6887
3166
2633
9740
8148
3639
8376
5820
2005
8799
3700
2549
6142
9129
7754
1348
5100
8095
3347
6613
6595
7713
4047
2173
8754
9209
6714
2022
2117
9103
3054
7877
3639
7321
181
199
5394
5114
7481
4362
7237
6331
4347
7145
7904
9608
2892
1263
2207
8129
1786
6669
2145
2832
795
9702
3012
2074
6527
1607
4894
1246
3477
2708
9658
8075
3757
318
5166
2095
9813
6337
8373
7129
2
5561
5806
2240
4557
5828
9471
7517
3927
8386
5863
8850
6906
2778
5055
8670
8126
2215
572
1913
3573
5263
3989
2682
9524
4035
6443
5928
558
6194
9449
6236
8190
8873
3033
6934
2977
1573
1793
5959
4349
1369
8056
9323
498
3515
2233
5929
8908
3400
8339
6323
7362
8552
6714
7080
9550
4092
4686
7641
2921
6548
3477
3241
7954
3021
6680
525
3547
4072
5607
4642
3121
5141
7546
3166
902
3486
9653
927
2108
4992
614
2384
7503
9588
622
6170
1760
2717
6186
5671
7418
2649
2462
4210
1715
8698
7197
3498
8353
9615
8711
6228
5830
4459
5038
3728
6857
8887
7191
7620
8322
3923
2810
1013
4482
551
7542
1669
7197
4312
1269
2678
4357
2071
7606
572
1844
6115
1277
5712
982
7678
9699
2512
3600
4829
9099
8804
7857
1001
8547
2252
4291
4019
2963
22
7982
7877
3445
1387
8314
9267
5712
1385
5918
335
5443
2859
8122
1628
2811
3092
4573
6683
8465
8890
580
65
8291
8703
9776
8122
7005
3724
8194
2342
8596
822
4294
5681
6335
7986
1049
3409
82
9508
5321
120
1448
5859
2616
9242
108
3321
9515
1352
3476
6502
4117
3690
6859
6196
9195
2764
8778
9798
1396
1183
9682
457
2527
1568
5480
9964
2273
9526
3501
1948
2633
4645
9449
5928
2866
8559
3764
1556
2613
1610
3888
1177
8760
6845
230
9112
934
7636
8460
7455
5756
3907
592
7269
6718
1366
8276
4959
8436
5351
5462
2885
8612
6265
4058
7006
6013
321
6326
552
1309
9429
74
1941
4832
4637
3114
9279
4405
5957
6665
843
7262
6452
6515
7419
8501
839
904
6094
3238
5495
7488
3378
6253
5737
2543
3386
2044
8388
3559
9994
2088
1805
3700
6207
4353
6286
2008
5052
4940
9717
5172
670
9951
4440
1439
6945
5817
6199
6742
4284
1787
9850
7424
6168
1063
3977
6077
6462
3651
2954
2907
4830
4874
2501
692
2763
1664
5476
4903
8435
7583
1206
2497
3901
4259
6883
7896
891
286
777
9524
9135
6728
4052
4394
442
5527
1661
5831
255
2375
6569
3557
9847
8903
7218
7389
6973
3152
35
7017
249
9506
2621
1444
5834
3772
8327
1105
8908
616
7794
7765
3898
3441
186
9218
2989
529
7800
3984
6322
9468
6788
6410
9865
6355
3064
5939
9
741
3584
2099
7186
7593
7998
722
8843
192
5594
3807
8073
5626
4694
5821
2673
4504
1183
7259
3780
9898
623
7694
9
9524
5408
3886
633
8401
5915
2890
3124
5428
1919
5176
7857
9239
9565
2317
2546
6563
2127
4677
6501
6010
6281
3520
4375
4180
9239
5786
6180
8388
4726
5268
4474
7894
9616
9636
6155
2663
3023
7958
1360
8225
4194
5325
1546
3730
7373
923
6180
7896
9770
2024
2549
1115
366
8770
834
4854
7927
2946
6992
3732
4177
8951
1447
7203
9848
6209
6850
9432
2567
8700
1362
1151
5199
3670
674
3180
8755
1951
8630
2771
7088
1884
1981
6352
2218
3208
2469
3508
5490
312
9373
8349
1892
2617
7877
4017
2268
3561
498
1063
5752
1710
5103
4690
3241
6678
3949
2298
1059
5245
9018
5849
9700
7749
720
223
1521
3653
9988
3794
4668
8800
991
1605
7666
672
4857
4612
8769
2815
1185
5673
6790
3378
8521
6238
3716
6707
5118
3120
9745
89
3894
7021
6346
8470
3810
890
1783
2012
8259
8131
4521
5453
5049
7135
6128
9967
534
8174
1721
8168
3856
4947
3541
4459
5142
7720
6533
414
6186
2211
9632
1319
4156
7699
9543
7667
6312
1558
4016
7347
1478
8123
1614
3732
207
7070
7938
1161
6255
70
715
1207
5942
1527
7928
5021
4728
1492
974
8078
3268
3781
694
7676
3986
3744
4797
370
9461
935
8399
8270
7937
5934
4958
5353
4310
6872
780
5812
7642
6045
8632
8914
3636
1594
5124
6988
436
1765
4421
8197
7041
7035
7941
7738
9515
3767
5363
9525
4175
2369
1977
4671
5144
5745
6669
351
8770
575
1969
6548
7945
5689
2422
7722
4433
7024
749
8813
1951
7023
8510
39
4068
9432
3841
5143
5034
3133
7178
5025
4535
9016
7042
7083
895
5352
3680
6811
6758
4888
9782
2027
1746
4126
5912
326
1486
8957
2247
8562
9004
5255
92
2554
8002
3362
8736
6102
2469
7925
8664
7193
2963
4976
9326
1847
8346
5014
570
8817
7590
1944
7343
2287
120
7422
1906
8536
5170
132
166
6561
4398
8416
8691
8512
5438
4956
2708
2555
2975
836
1519
3730
87
1517
2160
134
6093
2927
6287
1364
2087
9825
5360
3458
606
3536
9033
645
7407
7819
8077
3613
5659
2286
8759
6653
8941
2793
1811
3850
2747
5389
4486
176
6166
8450
5981
1020
6844
7816
6451
2553
9661
120
5405
986
6890
7909
7871
3217
6841
7141
9697
7018
6181
9334
5724
2023
3
5103
3983
7016
3663
3844
3646
8422
8165
6821
4746
4765
3803
6388
9547
980
4491
6769
4873
9514
5983
3667
1834
9007
6661
3237
2886
1228
5954
6971
6839
2288
3891
6720
268
8951
3534
9662
3933
6857
7559
2280
4856
6493
1998
743
5050
4872
5318
2879
8025
326
4177
7406
3678
1204
4327
3953
4368
5351
6245
7746
4875
2380
7137
6561
6544
989
9436
2014
6102
5853
2721
721
1134
2912
8266
4038
980
4666
9729
2488
3985
1939
628
2281
1358
2851
8418
1227
2403
6368
8450
7886
3917
1472
6786
2839
5133
7261
7005
6617
1389
9477
9462
5410
7054
123
5233
2708
6094
974
2065
2047
2709
5411
3100
2104
8574
1777
90
8424
6402
2585
7852
5764
5295
4496
2410
804
4232
8827
7397
4017
2583
8902
6971
4624
142
7425
1256
470
426
2343
6761
3335
9800
1868
2540
9216
66
7874
3540
3788
4498
8472
6009
7894
7383
5312
9884
813
5333
7275
9144
1501
759
2852
8259
3487
815
2086
708
5231
734
9226
8014
2326
2000
1216
7802
532
782
6826
132
4299
887
3248
8988
3099
120
4291
5101
8917
3992
7730
2394
2447
5985
2578
2483
899
9096
7406
215
2372
6862
7867
1236
1358
7743
8485
137
4664
5207
780
589
2009
180
8149
6121
9476
7047
6606
4976
1554
356
6610
9807
7547
1673
3877
5294
2432
5708
5389
5254
7288
9356
6749
8125
2804
3113
4063
7021
5457
6912
3580
5444
1722
3295
2987
9076
616
1127
5877
2985
8983
8575
7985
9835
1589
5604
4449
5657
1962
8206
8119
9990
7007
846
133
2592
7677
1924
4256
4682
1058
1918
7536
9900
9266
3050
3015
497
2728
7132
7707
4574
1064
4891
4802
8418
7506
7557
4777
6104
1157
3395
7521
9225
1070
4888
630
4879
9499
8354
8589
8325
352
5923
9210
4250
7589
2378
747
2148
4666
650
9397
864
4488
2044
5753
5896
3414
6064
7874
8638
276
3007
5453
9141
664
2348
629
6542
5827
201
7291
9984
2222
5349
8767
4113
5206
2115
2557
2625
8865
1766
4950
358
6940
2360
794
449
1380
9194
1727
9487
4253
5542
1377
8252
5953
8784
1814
5394
7736
91
1052
560
4881
7655
8082
9878
6939
456
3744
1740
1522
5363
6388
9873
5417
7009
5945
6753
2704
8102
613
320
9138
555
4000
804
4494
2183
3661
5887
7904
956
8278
3945
8028
1006
3480
5964
774
4830
3096
7305
992
5157
7520
6184
2289
444
4859
3052
7887
2728
6280
3029
5593
4515
4142
8623
1491
6165
2605
5816
6526
4882
8124
9919
4131
4973
885
1176
8780
842
4985
4940
8128
8128
4977
3245
3897
6413
6962
9670
5684
7556
828
4497
6388
50
9695
6227
6546
9903
5723
2114
2437
1743
3859
2790
1723
3288
8172
6045
8609
3629
8119
153
8485
8905
6281
8356
6757
88
8724
660
3203
4111
2164
2233
9192
3116
9096
7218
5906
9976
8730
2016
2763
9336
1069
6915
5927
3171
8306
4912
7418
2654
7367
2756
115
8195
6941
8386
1705
832
1620
408
4273
7980
3861
9984
9721
2612
6075
1106
8484
2468
255
5207
2354
4241
7135
792
2763
5763
5899
1477
8009
6192
3180
8833
9583
6706
7296
4106
377
6491
3910
3383
9665
815
4882
1515
4635
9808
5502
9654
6446
1591
5966
5802
1888
5118
3662
5210
9052
8538
3738
5311
2931
8310
4905
5988
5324
1227
6615
4465
2201
2091
9246
7078
3832
6861
5473
6125
7634
1970
6036
7297
2275
7606
2491
8958
4679
2962
3821
910
5022
6127
4500
3730
795
149
6292
1682
303
785
7894
2747
4668
9941
6385
9847
793
3513
6691
4219
3410
8511
2113
7449
520
3156
377
3798
4044
1218
8192
8534
8867
4995
6077
7331
1495
7329
5825
4717
9995
6728
3425
8075
6008
1436
1137
7487
1000
3703
1391
968
5742
5114
2617
4625
2256
7957
1436
8951
3027
6498
3627
7159
5090
1004
5736
8182
8106
8829
7362
9002
2500
1124
2011
9622
8304
3094
3076
2819
4650
8667
1671
8137
6156
4713
769
1645
5168
14
410
9124
1024
7142
610
9574
60
8125
4250
8030
4983
7534
6556
462
2223
4490
9784
3583
7607
5925
9885
3061
4210
778
5072
5889
366
4814
1643
769
939
1666
7493
8754
2775
5346
938
5317
6903
2730
7095
2815
8084
6841
2164
7979
8255
3725
4430
2730
9090
2814
5648
9403
6101
279
3469
3701
8938
2494
9021
8145
3670
7573
722
9396
6956
9705
6597
7770
8551
3640
4546
1663
1347
3391
301
8438
2809
2897
1935
4269
3653
2884
4897
7063
6054
7622
5427
1129
9378
5741
6218
7601
195
9291
3556
9727
8082
5920
6265
9815
9982
1386
1808
3247
8137
8583
9131
9444
6112
4363
656
2969
1461
4685
1540
255
3754
3355
5718
3216
555
3407
2726
6804
5897
4617
9744
1047
8015
3451
3001
9090
7011
8644
6964
6518
3210
5380
5554
8839
2296
846
7780
2613
7748
11
8958
9397
9268
9019
3705
3054
3145
567
8357
2896
1593
1634
4330
9039
2533
1966
3209
6270
5879
1642
8020
7845
8922
5657
3270
1909
5398
3262
1216
1762
2982
2083
5921
4303
6872
2889
3490
5336
6992
8026
5083
4008
7689
7530
7221
1035
6698
1164
7613
1182
5888
6513
9778
3603
7373
6507
5547
2672
1757
3279
4952
5143
1521
713
8275
8544
2683
378
8450
5170
2612
2508
7197
8496
3053
3062
3030
2240
7040
394
6330
6552
5538
5676
8738
9042
7607
8014
8422
2862
6178
8790
5119
1237
4616
4401
903
8027
4960
4688
6480
6127
3257
305
1997
8173
8440
7193
7121
9346
8892
2460
546
5791
3455
2687
6889
9894
9820
7157
6841
9457
4488
3174
9658
6307
6639
5086
5457
8998
923
9425
5150
4499
4771
3244
5153
1137
2766
2919
6985
1220
546
8166
6283
8550
2974
895
8235
3924
9088
6022
298
7327
1747
7603
8685
7331
9049
6997
6613
3764
5553
6992
5808
3604
9654
946
4700
3201
4995
4084
5235
4283
8086
6940
5832
9379
7712
1375
5036
8847
2454
6131
5996
3947
376
4306
4683
1497
2300
2618
4088
9625
1238
5170
2076
9827
8917
5399
7010
7841
2269
4325
2515
2250
7868
2657
4925
2249
9051
2915
7599
5612
9188
5201
8675
8280
2171
7462
8121
9082
7242
5713
1292
8104
5756
4074
7268
7782
4502
2639
3287
4869
9309
7949
6620
5030
3320
138
3806
4668
9203
1279
265
9935
8988
3667
9044
7404
8478
7763
3707
4634
824
2158
5287
6567
3130
4124
8108
7201
4891
3230
2496
1281
8537
4704
9651
5762
8574
7659
511
5776
3339
5928
1885
9195
4180
2815
4145
7034
6839
4605
1124
1676
3178
8772
7836
1081
5377
6972
4538
8935
473
5255
4815
7994
6868
4723
1372
531
8049
1208
757
3081
151
3313
6960
164
8094
8903
1872
8981
4154
7481
185
180
1572
3736
5999
5186
9847
2975
1344
6349
7508
7871
1658
7938
643
5464
1546
9868
4887
1924
6386
6010
4172
3982
9382
463
9327
8080
6596
9939
5242
6634
9389
2151
9530
1230
8420
9094
6639
7031
482
5815
4544
6554
3252
2750
1577
7077
1186
1170
9794
7045
428
9865
45
7204
1555
9904
1115
1886
6929
583
3467
1284
4438
7145
6464
1306
80
4793
7950
1099
4150
1656
8385
7964
4801
2579
1914
7054
1015
1960
4152
5101
4358
8345
574
3045
4234
26
2118
1525
8379
9781
7698
2523
4742
3325
9642
6815
6517
8751
8327
3052
5022
1140
8859
9209
2917
7315
3307
469
6015
6771
5419
4497
1028
5662
9300
9143
2559
7170
1508
2040
8134
5473
8498
8244
7057
9272
316
9090
169
7004
3327
8704
894
8512
6786
372
1444
9059
2064
1408
1771
2167
5856
3636
7098
7228
1442
1406
9288
5627
5337
8780
8262
3359
8895
1922
5356
8621
1369
679
3343
1492
841
8410
8251
2591
9802
5090
2147
6008
4603
4563
2450
7271
3547
2668
9373
744
3021
2108
9623
7978
9912
1061
9408
9555
5326
7898
1467
865
887
4258
1547
7707
3529
5758
233
8006
9622
8983
8436
4868
1987
5184
6790
5015
4976
7595
4159
1396
1048
2743
7841
9026
231
8119
4535
6465
2211
6990
66
519
888
3879
753
9253
3108
8273
6364
9177
4332
2358
8557
3757
6409
1101
4908
1724
9779
1542
9718
3813
2840
4387
9977
8808
7176
8614
8703
4509
5760
5780
916
8804
3746
633
6773
3590
5613
3718
9255
4155
6830
4549
1681
2805
8659
5789
9480
7418
824
7440
789
7183
2752
4578
4660
143
4241
7013
780
5179
6012
6223
7222
7211
9303
1597
3164
7395
4057
3953
7663
401
9938
4278
6292
8770
9300
804
429
3508
8226
7871
1616
8070
9796
8074
2022
3372
1252
7993
4706
4543
4440
4468
1099
1953
2380
5895
4888
3230
5707
5334
2999
3118
9546
1662
7835
4646
9057
1975
352
8511
3159
9973
4827
46
4569
7758
498
7522
3158
550
6341
781
9802
8118
5416
5577
37
395
2271
2060
9464
5594
4773
6342
4555
7185
7704
2471
4685
6713
740
2910
3961
6567
1386
9132
7058
3074
893
4070
9339
3647
8106
3113
3205
937
1681
9592
4758
2524
4356
7201
5970
96
4075
2255
8249
9474
2449
1000
2285
2510
3534
5813
4622
585
994
7938
6467
1323
4811
2540
5271
762
1091
167
7758
9521
6058
9666
7267
15
7147
4930
7952
7404
4237
2170
4824
4775
8776
9404
7860
1018
4290
6042
5560
3823
5446
1973
8273
124
6575
6119
5662
7721
8358
9740
5560
2130
2502
6298
5392
472
4904
2881
8691
8563
4000
8461
1820
4146
8899
4905
2614
6834
2563
542
5964
5484
5961
7354
8704
7337
9518
8043
8996
7681
8662
6234
344
2065
2138
2788
9728
2459
7136
4291
1553
5815
6088
4636
2297
7896
741
4530
88
7529
2023
6424
3838
3974
7249
7027
4819
6614
7644
9885
5437
2102
8535
1254
4625
7794
5161
7605
8185
3580
3237
8141
5070
1390
7352
5403
2914
1388
2003
6347
6141
8259
9663
1946
6658
1311
4465
293
9998
408
8012
8849
6956
9675
6686
2820
3319
455
7224
3233
9085
6558
7421
9729
8941
7484
7974
3004
2573
7956
5567
5768
8074
4917
9346
1256
1628
4443
9742
2597
9621
7794
1203
3194
4471
8678
269
9497
8479
5158
7403
5771
3970
4070
3051
7973
8434
6436
8579
5430
7084
9794
2414
8492
2946
1858
2418
791
1008
8240
2554
7669
397
2456
2501
4093
6384
1737
9962
5975
7532
2610
4293
5480
5562
7928
9155
2315
514
3737
8310
891
2517
3003
6693
3117
6921
1822
1028
4826
9874
4432
3179
2779
6234
1711
1157
9133
1309
1321
8663
1683
9123
8063
5579
1851
8826
8904
8921
7305
6608
5954
4321
6879
7274
6147
7479
1326
980
7725
7579
1878
2470
480
8227
793
9518
4058
4024
3198
7728
6698
8058
5314
5159
1538
1009
4089
2726
1722
1441
4769
7104
4992
3177
4551
8384
7549
3512
8563
9542
3812
8636
7423
1935
8036
1160
1701
9888
4941
7266
9238
2302
1615
3526
5334
4108
4413
7210
581
1554
1633
8144
3913
7895
9177
1105
3223
4636
4223
1100
9712
9108
6102
9563
3000
2403
2144
1101
3778
9345
8332
9734
870
5115
6285
5712
9813
3207
950
379
5796
7650
4402
5992
1588
6888
3376
8590
9250
2160
4123
5815
4185
4273
5719
2667
6101
7860
167
5815
5027
2983
1116
5241
3125
4635
9960
698
8705
972
4417
9864
6041
5706
5985
5503
9541
7976
393
436
3132
4032
2742
62
5202
9297
6108
7025
1979
7159
4975
2984
6974
7942
3168
2030
3125
3954
516
1305
6400
2397
8961
7860
3465
5630
1969
3640
1970
5914
4377
7334
1130
2450
3028
5507
4831
5161
3128
9105
9886
4976
9738
4710
4262
7025
7660
9386
4442
9572
3941
1458
245
7040
7978
3652
6471
7938
8600
8823
8158
7715
643
5609
9568
3033
584
9372
5924
5005
5391
8590
1105
5956
3340
307
9310
8668
581
4017
457
4164
574
9096
5811
8025
928
8428
8120
7705
2616
7168
1772
9542
5883
6705
7297
8057
311
7468
4405
9519
1125
2429
4249
3173
3755
3269
5484
6283
6958
9111
4085
9192
6788
4735
8960
2987
6647
6527
9183
5513
9030
9080
6194
8231
5734
2145
3554
7349
3861
7575
6567
2485
4335
4898
5993
1543
7433
2879
8963
179
3467
6815
4755
4195
4491
1403
1118
8778
516
3618
8369
5316
4070
4241
1907
1147
1654
8110
8566
4339
2998
8497
4012
979
3024
2240
838
960
443
1749
2775
5208
3152
9742
2567
8632
1223
5633
7587
6219
954
7657
4370
8239
7003
609
7219
533
1649
1964
6850
9893
8366
6751
2793
8300
7532
8860
3603
3555
5493
4492
3996
7469
6786
9543
5236
3244
4683
3475
7298
3073
1534
423
7909
6942
779
6523
230
9034
299
2046
425
7664
9696
9059
2770
6164
8232
2553
4597
2452
3403
8534
7829
3910
7844
2623
9518
2884
6909
8519
7487
7200
7826
897
8190
5093
3304
4803
5760
2413
4390
9289
3904
8041
8465
2355
6700
4208
5222
9533
7519
7350
1537
6201
1080
5576
6138
5754
2586
8994
8159
8447
6989
637
1756
1099
9475
1880
5783
6317
6356
4258
5160
9521
8554
4546
5893
5938
489
2275
1852
3898
5446
7135
9258
695
8856
6454
6825
3292
6124
9915
7061
4673
9042
8315
7039
936
2053
2571
3451
3902
152
8958
4372
1113
4588
8976
8672
2212
350
7441
7534
4196
4141
129
4939
6054
6201
6916
4420
5240
7671
1651
3045
384
1
7839
1184
5645
7818
6818
4314
9272
9023
180
7823
8854
7017
614
981
1213
1248
4639
8030
5376
8041
9617
9992
1945
5663
1815
6783
4211
96
9294
2322
9905
2974
124
9522
6701
4822
7601
8518
9345
5485
4921
7276
5868
8790
3370
6122
1954
8465
3777
1394
4994
9790
7011
8100
7845
8846
6818
4926
4992
2906
7967
9807
118
3725
279
4857
8030
5484
2379
9252
2844
7191
352
9823
6222
199
4287
1601
9445
598
2473
1374
7646
8927
9339
5125
5836
8490
346
5622
6660
746
7132
4593
7669
1618
2995
8329
7570
2977
7718
5224
1853
4623
7997
9324
5713
2863
7145
7615
3004
7428
9629
1060
3655
4128
5325
3261
772
6296
4562
8890
5539
83
5351
5947
4704
7169
8996
4823
3197
9368
4228
3845
1768
170
3541
4327
6040
8226
4859
3319
2121
7325
145
1178
3154
5414
4845
3169
5535
3162
7503
7342
9760
7674
6534
9091
4861
2062
5183
9718
7652
7350
4043
2225
8897
9324
4779
5365
7033
5094
4139
4863
3490
1559
8712
1443
898
2741
2511
8469
963
4229
7908
7702
7376
9922
411
9867
1439
4013
1239
186
523
9262
5085
1694
109
5145
8852
6025
3334
4380
4347
3913
6667
8821
2870
1971
4589
6320
855
9276
4387
1741
6597
1479
6071
6720
716
2712
5819
194
6288
2295
6534
9701
5039
2849
5662
9445
2211
7864
9955
9386
9696
2410
8998
9482
7840
4111
1220
3323
6824
7035
2963
1894
3255
3220
72
775
4891
222
3603
3057
7551
8194
7240
3535
4005
8589
5850
9941
2572
8277
6885
5044
6462
1462
8
4668
6153
9562
3294
3612
8824
2983
3736
1269
1645
8865
4200
476
4333
8849
7228
9182
2568
6270
6326
5743
7667
1448
5284
5883
6308
8564
1616
797
7993
1056
9766
4925
4470
5144
3997
1844
1529
737
2132
7244
235
8979
4987
4595
6038
7012
8187
7694
5310
2463
6419
3961
9277
9732
7472
6956
5118
8473
9784
8938
1221
8510
3875
7491
4250
8813
4950
1321
5840
6864
7197
2592
3830
6541
2580
2415
3018
7581
3955
8179
9509
7130
5988
6370
263
7958
690
5244
4495
5656
208
7390
966
3954
5154
6673
6089
2014
5628
4207
2018
7574
8902
2166
866
7859
3496
164
9773
8174
760
9938
7633
7650
8573
5118
7764
7042
1311
464
6058
5126
9805
9838
4800
7393
7482
1067
488
8814
5348
8074
5249
569
1251
112
6050
5338
9435
6519
5586
427
8478
5327
5319
5771
8449
2384
8218
8779
3017
26
9795
4566
66
3005
4759
1854
5372
1188
5114
9617
8818
4236
7234
3963
2056
3907
4202
7828
2480
6300
3823
3434
8537
7135
507
2329
7813
9148
1387
5495
8070
8720
175
5997
8132
9392
9614
9055
189
5698
1204
6124
6010
2412
1833
7648
2153
9604
9438
2023
4604
4998
8103
7901
4894
2756
5327
3185
8509
2135
8685
5864
6217
6052
7698
3293
7543
938
4123
1974
9522
5336
5513
4514
8303
812
5914
8910
8459
9429
963
3191
9779
7850
9069
6377
5311
9699
8106
5366
2573
5221
4642
7667
6598
4028
9726
4300
750
1664
6000
3720
8589
2746
6941
823
4485
9856
5208
6951
5648
9788
7037
6950
6872
7035
2502
546
1122
4241
3645
4172
9080
9961
1727
6716
9057
3530
5817
1373
3327
5830
7042
6825
1044
1772
5877
7247
3842
6733
3481
4384
9918
6891
8126
7690
4208
7070
855
8236
7290
2352
8094
2504
2642
1528
7496
8246
1278
1140
5975
9477
2507
1423
2230
6124
6522
7234
9156
7935
3688
4518
2240
5741
6648
6568
9309
726
7615
1974
7890
1962
6491
9190
9393
9261
3617
1877
5905
1654
6146
7260
2587
3399
8377
9167
958
7607
2995
6064
575
4762
8587
3088
928
9426
6626
8054
9019
8399
7432
1448
2156
6370
4313
5445
4185
911
5367
1973
2846
8641
4927
8328
569
4407
7627
4155
847
4364
3988
554
5945
5300
2129
4463
6846
2914
6176
9128
6110
4503
9008
8951
41
6262
9417
371
186
1186
536
6779
7603
1992
3515
1275
6854
2505
773
4759
4621
6752
719
6740
5590
1842
9436
2774
3663
4227
8551
4420
7034
1588
8506
3256
5773
3530
4813
6258
553
3003
3562
2828
5828
1426
713
1128
3365
3410
6541
646
1323
3302
8042
2194
9627
5063
5073
3258
7893
3943
9225
5053
2146
4954
2204
1902
59
4676
4107
5128
1945
4989
8415
3147
5732
1825
8765
869
3930
3957
1589
653
7087
8548
8135
1528
1499
1703
5331
4798
9381
2419
8812
4166
3898
9387
5687
958
3913
6278
2502
8503
7166
7404
827
5709
8505
9483
2283
7125
7514
3990
7282
1647
5516
1596
6236
3322
5243
3238
1191
2566
4339
9562
7171
5541
2518
1789
4658
4667
7466
7542
5474
9525
9741
3613
340
8294
9237
1682
8472
3660
3369
2217
9095
9136
1397
2563
348
6396
9246
6553
3088
8680
8739
3329
8786
4573
1563
8291
1983
6122
7617
7013
5859
4501
3193
3
8588
5113
5598
5098
3046
5165
8169
307
9545
8742
5792
4221
3932
3987
9961
4915
3652
8357
7785
3485
1101
5058
6493
6322
6483
527
6084
7322
4957
3146
1191
1586
6471
5130
6326
3081
6507
2494
7649
2711
8220
5890
1743
686
4462
913
9534
1768
8469
1524
2344
4208
2360
904
5007
8588
4193
3005
4517
6920
6645
1914
6042
4030
4043
5102
6402
4449
6234
2786
2098
5802
3443
7195
7719
6729
8616
2171
5156
237
8599
2486
2150
9134
8760
8370
9333
9991
9599
5480
8137
6066
9965
7768
8182
2444
1033
537
1094
4823
3271
3741
18
5310
3875
994
733
7779
2252
7349
428
8276
8288
594
6902
2541
2863
6886
2292
9287
2990
4453
1028
765
3915
584
240
8351
920
7726
7750
2175
2358
5491
6452
6729
800
6878
19
6896
8096
1876
8589
7651
6305
8026
5211
5663
5107
2967
6943
8270
5909
6904
9130
125
1522
6814
3980
2475
346
1122
3638
7613
7596
6616
8653
5086
1293
721
6622
5140
4567
5978
1272
5854
5201
2210
3082
7401
1847
7305
138
178
134
2500
4639
9782
1654
5549
5468
3956
1956
1528
4234
5924
2987
6000
7376
5666
7487
1407
18
7154
2181
348
8307
7255
9586
6319
3880
9215
9327
5088
5066
9254
3686
4062
8359
9563
5531
9371
8534
4431
9882
2596
4854
2169
9689
6943
1730
7751
4825
6717
2402
7440
2175
2351
1169
36
2457
8852
8903
8052
1487
6656
9459
9534
4968
5145
630
5585
7318
9355
94
3135
6879
3548
2861
7216
7193
4409
8838
4979
4785
1838
5428
4416
6215
5285
2055
3161
6778
6838
2028
8878
3564
3149
215
3039
8513
5882
2912
3756
1305
1473
1063
4041
8584
65
6613
3789
3919
5474
704
3050
104
1511
9323
5303
6579
6308
9320
8184
9688
3529
8603
767
7896
5324
9916
5292
8869
7828
2536
9472
7642
6897
9141
495
4952
7898
6048
5108
1743
1966
357
7694
3541
1276
6090
7032
6470
2942
7593
5831
2920
3360
6648
1660
7161
1007
4342
3897
7847
588
820
3440
5596
175
9885
4599
5989
984
1908
6872
6285
2657
8969
7429
3722
4928
9687
9609
8100
4601
733
6329
8541
7759
2310
7497
2642
9243
5528
2683
6268
277
1638
8978
2659
4959
3298
8548
3840
5938
9987
3470
9373
1296
4830
9138
2764
5800
8516
1036
8209
4455
2984
8162
9964
108
5739
8377
7223
5908
2182
6068
9192
9764
8771
7320
2947
9365
4121
2603
2832
8218
6034
1306
2676
1485
8842
3034
5455
471
1254
4822
5809
910
9327
3415
1113
8712
3098
5330
588
8718
1989
8186
9166
1564
1951
6295
9681
7125
1413
2319
3031
4788
5685
3648
9861
7405
913
1391
2902
897
401
7979
9256
2129
7797
5995
3432
2585
5350
5046
5621
1822
2216
2225
2019
7106
9791
5938
3311
7428
8058
4164
938
4821
4912
5171
4516
9492
1109
8423
4230
860
8217
7950
5547
8403
4526
9154
236
8067
4005
1578
3239
9910
8564
8987
4443
1482
597
7599
5491
4196
2269
7694
5468
5808
4695
8153
8357
8791
3485
6758
2610
8809
5106
1108
2589
6634
7103
1424
7146
6361
5641
6945
6788
6379
427
6622
2233
2551
1830
7280
1520
3114
3729
1522
6594
4330
8910
8356
6140
4376
1946
334
5823
2591
8368
6402
3570
2521
2540
7258
8789
7328
7735
1409
1106
6417
4532
1453
8434
2013
5557
8698
2154
3626
7963
9618
6448
4807
1032
6088
1805
2156
2450
1333
5617
4895
8935
5161
9022
5123
2616
6083
5362
9723
6099
3596
3844
4269
5793
797
2266
2721
7272
7057
3077
6792
5342
1285
4026
1962
8523
7083
6733
3224
4409
3518
7948
4240
3067
1472
9093
8062
8423
2415
869
3103
8209
1111
5230
2593
6550
5121
5124
6887
578
8888
85
1769
206
6860
1539
5992
6025
2191
4639
3454
4082
