4500
4403
4399
615
7895
5860
3328
643
5858
867
9626
2522
6131
7766
6835
2016
5021
6237
4787
9077
6041
6419
7440
3276
7291
2608
1924
279
8720
5531
2461
1502
6327
8173
9777
5710
2393
897
2971
5998
1494
1975
8262
6844
8845
696
2693
1558
2600
499
493
5557
4642
8582
2992
4292
9734
9865
551
7022
117
1716
2315
2197
6099
5872
800
207
5487
2427
4126
7371
4621
453
8269
3106
1810
7400
3612
6280
3292
4948
4334
8769
3723
9128
3922
1088
3727
8061
1102
9099
5583
9212
2920
3578
1699
2416
6704
9823
1871
8566
3580
4591
5085
6225
9089
9966
3590
5370
7948
4729
3148
4580
8747
7341
8503
3501
7290
1813
9610
7345
9181
8816
3153
7801
1879
369
8298
2576
4101
7056
1469
1462
9834
8798
2457
3518
1384
5717
684
9106
1128
590
5534
9990
8006
3501
3515
474
2844
7334
4507
5225
5097
307
9136
7694
7277
1837
9995
4166
6164
1687
1419
8608
2092
1115
2564
8417
1445
2892
2696
4773
1093
8074
3860
5456
9332
3332
4522
5554
7371
4952
2198
8504
7956
4262
4687
1183
2589
3539
6556
1060
223
9081
8992
1655
5366
5099
5283
1710
4828
7893
1375
9702
7126
66
7716
2228
5210
8456
2408
1609
667
319
4479
9667
2724
1439
2578
8977
1309
7318
5263
463
332
2456
7245
8207
4587
8993
1210
3193
5057
54
3204
8313
1328
2602
4080
2518
9691
6236
8026
7155
9538
8317
3945
1039
3947
1088
4910
4935
6063
5723
9593
6235
9998
3785
2696
989
4959
2577
2430
2213
8840
306
4923
1122
8071
7509
1677
3164
5915
6820
4419
6581
834
393
4618
2445
815
5199
886
8325
3111
3733
1246
3883
7177
5137
5733
8228
248
9489
5681
1432
5286
6572
2729
7462
2446
4087
6079
920
3022
4244
6360
8722
8752
2725
3044
5844
6867
494
8367
4351
138
7737
2643
676
7681
4050
5735
1416
1080
8466
9623
4116
942
538
8865
2104
5882
2597
1466
1087
632
5184
8204
1150
6703
6134
8189
6023
8459
2723
7244
7738
6844
7098
4538
8234
5307
7602
9762
3341
2947
2907
38
3837
7763
2078
7304
8429
6031
4083
4082
9525
958
956
6355
6462
9796
3311
9095
8393
3292
1281
2129
8233
7073
7693
9639
3073
4969
7667
6074
4440
6927
286
8177
9337
5147
1422
9649
9015
304
116
587
3534
1187
2572
5458
8741
3
1428
391
9215
2152
6123
387
5392
6316
9797
6752
5981
5265
2171
7573
2124
8334
3407
2460
8267
5833
3565
8241
9260
4626
9005
6089
5182
2554
804
140
2967
8415
6538
2865
7373
8149
551
5013
1892
882
6055
920
4753
4982
1309
9940
5725
9860
7059
2506
1638
3042
1231
6779
7471
9353
5441
5568
2552
4281
3080
8598
9192
4653
9829
3641
5878
6326
9928
6508
4104
9606
6630
4098
6706
4444
4092
8077
4416
7239
3789
33
1487
4312
8327
1795
9749
5001
6612
3779
7089
4195
8909
915
4125
7953
1896
6963
8704
8063
6146
6763
1200
6414
1607
9124
3604
8103
4590
7107
9800
5737
6850
7619
313
2929
2891
6110
9585
4325
8236
5976
4397
5981
373
4632
2073
6222
8056
6339
1677
8564
7208
2070
8944
8124
7054
9616
7307
5611
2006
1675
5129
8238
4022
4341
90
7807
4990
6911
1303
9489
3274
9809
5599
4057
2917
1399
592
5961
5320
5533
4242
7369
8096
2610
9181
1220
94
4124
5130
493
7751
1704
6487
1452
7916
8331
2916
8264
2356
3931
3755
3010
9765
6163
1213
620
9441
1831
3606
8389
4877
5380
9058
1011
4733
2947
362
5755
9403
4442
391
7295
5543
5502
4247
1941
552
3498
5964
3599
977
4005
1378
2844
4030
9538
4761
6539
1982
7785
3824
1720
8122
398
5859
2340
5715
6171
6475
2805
6602
751
8196
5399
8361
8386
5548
3805
3599
2228
4294
6745
7881
7617
6446
7475
8412
9810
7960
9001
2926
1908
6273
1524
8196
3101
5975
1058
1734
3648
788
7989
1311
3759
4534
488
321
7832
3402
5369
2069
7789
7142
3544
2656
8180
7878
2698
9921
6503
2941
8554
8534
1897
1134
3725
3183
8935
4899
912
9930
1238
8810
2321
9677
8254
5200
9846
8115
1314
7765
6573
8013
6235
4783
4209
4682
6945
1099
7206
8817
2549
9566
2770
2811
6622
9449
1912
349
8910
3499
930
7827
48
6880
6410
5753
3536
8968
3557
4659
1622
2290
5373
4284
9889
3335
6073
3691
4301
2707
1883
3521
9616
7197
5782
31
5078
1784
7273
4757
8391
915
6845
1253
9202
4699
8231
9990
793
1408
6826
5012
5800
2228
8492
7221
4930
6608
147
6039
6571
9841
8716
8276
6572
3327
8904
2215
8134
6238
9332
4313
1702
8126
2899
4548
433
7949
2474
3289
6412
3901
5367
1804
4267
592
239
2109
7732
7662
7219
7010
7567
697
7070
2559
9516
2072
782
1608
2177
9280
6476
141
2879
241
3977
1236
9152
7564
9000
869
4127
7890
4754
4686
867
5592
1209
4983
7177
1063
9645
7072
2814
6112
1461
4998
4134
2348
507
804
7436
9585
4582
7990
7782
4992
5284
6857
1939
27
1940
8991
1204
3381
6478
2126
261
1746
2224
4376
7495
2125
9845
2277
5819
8632
9268
4572
1244
2142
1075
593
906
9285
9077
360
2223
2783
1399
2264
8751
6079
7763
8794
5233
5384
1487
4401
964
369
6389
5763
2608
4037
1792
4965
9723
904
4672
9030
9396
8947
3114
9218
7471
4576
6047
7782
637
5521
310
2851
3304
5179
473
4747
9672
5552
2329
7161
4661
2106
3695
4189
3705
6691
144
5093
4641
2353
6988
3287
8768
2639
4484
7338
352
7383
1237
949
3478
8892
6693
7183
8992
1763
4953
4805
7166
5409
1008
6203
6699
6831
1840
8650
9142
3259
6971
2679
2273
5321
9693
2339
6581
8982
3669
3599
5152
8141
6350
7400
8796
6114
3817
4384
5005
1035
4488
8829
6087
6527
2617
7275
3802
3830
1485
1004
7691
241
8692
9936
6080
6659
4919
512
5831
3820
9986
6019
6755
1526
6876
8116
1605
3384
228
6331
4195
3848
7498
471
9559
3245
9271
1805
135
2179
3145
1242
2236
1864
3439
996
609
7827
6750
5215
7162
8836
414
2796
6302
1414
5332
8668
4723
2209
1292
4962
1141
9229
5746
4614
7586
6929
4413
9301
9765
4920
8506
6326
4109
2293
4176
4840
7337
1533
7157
4343
5954
6115
1229
9181
8309
1618
7929
5813
3755
4243
3876
3578
8455
9646
9749
3822
6252
7229
7297
4855
5593
3451
7969
9044
6929
7596
5628
8654
1419
6742
9105
7225
3491
8861
8275
5530
7739
9373
2992
3106
4497
5968
1168
5832
5854
4863
5911
2916
969
4885
5255
3320
2918
7583
5333
5849
2030
5776
7221
5211
8603
225
9461
9228
7808
6326
1908
1302
52
2843
8221
5608
7177
7517
9828
1534
301
1237
3435
8092
316
8015
609
1290
8528
7577
6808
7529
7974
3607
9713
5268
3054
2019
838
8146
8751
3137
7876
1303
1204
2321
7939
906
1239
1342
3620
7458
4329
8659
2966
9705
7707
7101
788
9410
5372
6444
943
6983
4239
9763
3235
3979
2631
4590
3368
5999
691
5539
1112
8688
7792
2610
1896
1933
8031
1494
4788
2118
6373
5773
9596
8528
7160
2532
501
8837
1805
6924
2765
7944
7355
297
3743
5990
2379
1448
5407
8984
5119
7440
7218
4805
1868
8290
6749
692
6613
6283
2041
1088
8341
6360
6656
4852
9737
7320
2391
1669
1832
1437
9767
4575
7439
4876
2521
9943
8989
9461
9454
1056
1720
5260
4168
5802
3883
2869
57
5540
2061
4367
614
6290
4254
2231
9415
2010
9488
4125
6238
9192
48
4003
4945
8369
4479
1714
6917
6260
2658
8727
777
1084
2834
2587
7101
9587
7729
816
9646
3025
8778
7751
3663
3938
7187
6350
9428
6261
4530
6518
5694
6784
5689
2435
9662
8497
1487
7853
9544
7040
861
8052
6790
7280
7602
4448
2517
7924
9315
6182
2784
7870
2530
4694
2088
4690
5273
5297
685
3930
4115
6441
3563
9347
440
7904
1939
5940
2691
6386
9653
9230
7634
3375
7111
9791
8298
7872
3685
9697
2644
7755
3445
2927
3959
3986
2853
6104
595
8181
7347
3964
8119
7656
8265
9875
2640
5727
8084
2957
2367
3365
271
7220
3830
1804
6273
7741
6478
7471
9087
8366
4968
4452
7599
7273
3534
9133
330
3655
7269
8541
5053
1392
5106
9991
6957
182
2550
6226
692
1617
5879
5546
4684
4101
6652
7792
3591
3615
2260
1777
9385
1535
260
7236
5538
4272
684
6748
1676
8514
9588
7421
3805
4313
8344
8636
2665
8542
4957
463
4584
6851
6895
2164
7855
4244
6392
2078
1902
5737
6927
5673
1878
5656
1883
7631
7892
9671
707
7427
6046
4975
1107
6474
1720
1916
6877
4217
4435
6785
9
634
6276
9512
3162
376
9901
9015
3391
4538
4410
670
6099
749
7257
5549
6162
3705
9479
483
6824
6357
547
9905
7575
9655
4018
3196
1588
6180
5006
3233
5983
7909
1515
308
2926
4730
4504
5681
1381
9113
7694
3027
3395
4447
1977
3522
4332
9815
4975
7543
9999
7368
6513
4684
7971
7656
9214
6702
4691
6815
1630
9812
2162
6966
3522
7258
6381
1118
5734
8518
7276
4269
9183
7771
6421
9028
71
731
9037
300
9842
744
2955
8462
3324
6467
7627
8097
6913
166
5020
6014
3480
9469
4471
1472
237
4158
5884
4888
745
2169
9243
6492
5377
2635
5259
5679
5320
5309
4618
7884
5634
9705
2914
9852
8902
2748
5812
6823
1854
1975
8644
4791
3950
9520
8513
6264
2271
2565
4847
5195
5351
6384
9443
3898
4407
7750
8570
7494
1921
26
5590
6715
6115
3471
1223
6310
4244
3482
7154
237
2394
7125
9744
2220
8742
6384
9013
5072
4461
1955
8090
5276
1011
2062
4938
4633
5830
7025
6791
3947
5364
9431
5270
9422
8698
6589
4413
1071
843
8273
359
8871
3353
1366
5042
7506
3299
8819
3958
6702
6234
3531
6417
1791
5634
3143
5155
943
8402
9567
1172
6131
1015
2057
3533
7864
6555
8808
8634
4876
4030
8549
7945
5514
5054
8875
4863
1949
617
8076
7848
4997
5580
9377
3464
9144
7430
1695
2099
2479
4958
7317
4390
6193
3837
9266
4720
7774
7130
3731
8080
9393
9217
74
6092
105
3215
6378
3147
5905
8412
4671
5056
906
1013
9851
7715
42
1892
7082
653
2574
9999
9207
7937
5643
4874
1063
82
8162
7546
8515
8692
5778
408
1396
5379
136
1373
4439
4218
6593
3008
320
5121
2800
6073
6314
4086
3050
8993
4556
1750
7406
3305
5992
4728
3395
5235
2189
7671
7194
7360
7932
442
3027
8903
9111
8130
395
4047
9653
7439
9138
1641
4723
5327
8891
3837
9412
9732
2604
8912
8057
9153
8133
8143
668
8497
1742
1290
2342
7716
2953
1984
7585
4758
4167
2386
2583
2990
9287
6199
7673
4160
9272
3372
2796
3455
5327
6533
7149
371
2372
8117
7845
4642
6855
7398
3336
3807
3008
341
9528
7196
2436
6845
7974
7964
7779
3390
6424
5978
1663
5194
7254
3488
4807
7468
4175
7813
8961
9765
7688
3525
262
6548
3156
462
6
6865
6928
2037
4941
7239
4821
4499
5438
2348
9472
3376
2763
3550
5134
3498
119
2715
4065
4818
3234
2157
4928
6499
3092
6432
1018
7696
1237
5281
1707
2744
5592
245
7511
4217
6920
5252
131
8686
3019
2400
7203
4950
7491
6294
6446
6291
5507
1871
3757
7435
4575
1923
8835
2191
8828
1483
743
7638
22
8001
6796
1509
7968
9414
4513
3597
9366
1536
2916
721
8159
2670
8722
7698
1391
7210
1418
9801
6728
1562
335
512
224
6802
6284
4269
9421
5673
3921
9212
1613
118
7612
5160
7283
6392
931
4134
3963
6719
1198
3775
8287
8762
9714
6951
5378
8254
9463
7502
809
6975
6363
4643
9882
2110
7327
3760
6572
1791
5503
1974
8846
8182
4559
6022
1875
3294
8993
5880
8027
1110
7283
1036
4462
5192
8022
6283
8369
582
9305
5928
6730
4515
8595
5673
8944
5708
3296
7516
5116
3537
1747
4296
7900
6932
3065
1441
3574
7757
4862
3703
2394
5703
25
3404
1616
7803
6514
496
7232
3927
9461
3595
5888
5690
7214
3702
7624
2862
8803
5078
3457
7939
4593
3398
6268
7460
655
4048
4192
7976
559
7383
7099
8184
259
228
857
6984
3468
3756
4578
3
1821
3514
5358
7191
4126
2494
4308
2298
6076
3953
4016
2056
2318
2372
8658
4906
5331
276
8435
8757
9511
4092
6931
4540
7605
6280
5534
7970
3541
9137
941
5296
2054
7721
4280
1823
7575
9605
6745
4435
5088
4882
9548
5109
3838
4133
5362
7259
7099
4403
9909
1765
8507
8730
8422
2023
1266
9882
1250
2894
5332
5076
8435
5985
5941
925
1155
5494
414
5022
427
9869
6017
5388
5833
9485
244
6703
7616
2745
4441
33
7177
7615
5854
6517
9416
2317
5840
113
4105
9920
3291
4185
569
5898
5100
8745
2369
7887
3735
527
205
4637
6564
7091
4699
7989
804
6484
2719
9274
4882
4257
84
8629
9589
2624
1964
9698
7602
8670
7480
1291
1502
5316
2723
9311
6896
2498
2712
9199
5109
7691
6277
181
3486
8476
6247
9153
5380
7338
2628
8817
7803
6567
7208
2364
2964
6769
8615
3867
1084
8247
7986
2244
8306
8937
2292
2309
6566
331
6044
5962
301
1877
2581
1051
4385
6954
6816
7844
5893
6707
9347
2898
390
3272
747
9591
7965
5658
5677
6955
2610
4496
4427
7887
1834
1163
8690
6158
7856
4904
8079
227
7826
3122
5922
6481
9138
9090
8858
4755
2205
4020
4864
1265
9497
1943
1584
6683
6247
6064
5410
3317
6824
6379
519
8112
43
8400
5711
7488
4260
7422
151
3247
4281
1255
6559
2285
8998
8231
202
3202
9056
3313
5183
8962
2038
4200
1916
1388
9844
2792
602
4447
5585
9311
6971
6954
4361
1579
2816
4126
517
4560
9671
5345
6981
4246
5058
4866
1551
3133
9811
7380
5521
6366
1475
8218
9539
5824
1586
7725
2952
4692
3480
1261
2691
8301
7322
3633
1479
8175
4312
6796
2822
9043
7924
7455
9259
1620
477
3781
9715
2105
4697
6990
949
6415
6401
8988
2163
611
2918
2388
4440
985
5249
6785
7185
379
1384
1563
8761
305
7325
126
2141
3114
4560
4379
5774
2981
7653
1832
6708
1790
4272
8036
5295
6840
7421
539
6761
7907
1148
5666
2232
1035
3609
6480
8976
5261
9610
7274
4148
5062
497
2217
684
5657
369
4185
9539
3485
8526
5473
3176
7009
4909
6218
8644
5149
1754
8045
7243
246
9577
3070
2203
1853
5364
9647
4802
566
2355
146
5212
9168
4185
3647
9737
6677
1211
6622
845
3359
4315
9218
2049
4165
179
1091
5128
4513
8206
1157
8956
3840
9504
6874
1526
6101
2549
8593
156
5418
2903
7337
8932
5876
8681
2086
7943
2849
2112
494
609
849
1874
8481
4741
8543
9414
5523
7789
7898
3467
1240
9855
3636
5829
1066
300
3478
7298
4298
2498
2238
2554
7745
5217
3350
1093
7409
9866
8546
8886
6285
3730
9206
9813
6417
487
7057
6539
2271
4330
8922
1638
4232
8522
1238
8252
3524
4802
723
6445
1598
4888
7733
9473
366
1270
5418
6736
7956
3381
5099
8960
1390
9701
1569
5289
1894
7018
6530
3573
8683
8257
5191
2691
9339
6128
8331
3674
8874
3611
5826
3242
2881
2802
3971
6895
6150
1336
9220
4591
3395
3694
6608
7971
3430
1342
6376
9618
661
1684
5779
4408
2043
4566
7539
6981
7123
4437
9318
7714
1296
1707
5557
9631
4695
4068
2301
6984
9642
3770
2519
918
738
7816
6694
4625
4280
4432
525
1843
6688
248
9466
552
3042
830
803
5874
5190
9517
8524
1208
4364
4744
9794
7374
2053
2931
8166
1216
3329
8897
5081
9641
1558
1335
7073
9440
2185
7359
5909
2897
2941
2490
3995
4314
9077
1053
507
1244
9623
5132
8496
8529
816
7636
7403
3533
5774
1697
4307
3708
8109
544
6189
891
6689
3759
3683
6467
3645
7889
6404
5008
4334
8189
7049
2321
3784
7510
7423
152
9419
6438
8278
6160
3968
499
7157
8318
2806
5699
5799
8367
7283
1196
3526
1857
6857
612
866
8767
2568
6423
5390
3588
5529
9095
8120
9057
6398
3726
8995
6505
3156
3231
5491
4297
818
9162
6436
1877
6881
3950
647
6286
455
3400
777
4719
6193
1530
4850
8631
4605
2743
2103
8833
785
2091
2797
7086
8300
3544
4987
9781
7719
5515
6618
5745
4072
9116
2380
760
4979
9460
4102
8715
4460
329
363
1609
3437
1333
8246
3567
4160
53
2035
2506
2427
5645
8043
8365
2086
7561
9051
1678
6425
6606
7456
8778
9526
4174
1648
473
4944
5386
296
7580
2455
2595
9358
1123
2513
1689
9954
2315
8471
9924
4278
916
4073
8401
5703
1169
4175
9556
5462
7001
8381
5036
3528
1082
2369
2212
1686
6093
9853
7061
3138
9812
6379
6921
6087
6320
7954
4938
3499
1216
3412
4425
8580
243
4241
2811
7939
5407
7244
7325
1778
8010
8199
345
2550
3877
7885
6433
1665
6952
3532
791
8167
5448
3934
2959
8010
2645
3346
1084
3476
2497
9084
87
4624
5355
2005
5503
6438
6377
3488
3642
3009
4756
1403
3081
9567
7117
5678
7497
1156
5854
9187
9494
5307
3323
3522
8186
9339
7206
167
2483
3137
6434
3602
6355
1024
9216
7627
2689
2466
7733
5824
3373
8073
1725
4781
576
3190
1368
6407
8337
245
8722
8229
7796
4595
9585
875
1070
7373
679
4100
8051
7383
8263
1947
9520
310
9301
646
1365
8123
2886
7216
730
5996
327
546
450
6400
1561
8525
2541
3974
537
2342
7623
6451
2862
126
7726
3846
3404
4445
8817
6890
3429
2203
9251
3511
9327
2939
6495
213
2913
3476
1862
1567
8647
5564
4611
208
9189
4691
8256
1628
8183
1978
8658
1965
1303
1967
3198
1465
5864
2086
2991
348
3119
6037
2496
8968
2322
188
339
4357
200
415
148
9926
6224
1569
6264
1882
4750
1839
8367
9531
8512
8086
1176
8935
5455
8962
7172
8169
9712
4884
7794
6900
9898
9966
2682
8843
5490
6430
9525
7263
4946
8246
6025
6949
2312
4084
2947
7923
4858
99
6061
3272
9800
4988
7407
3189
314
8890
9713
8348
5880
4457
5390
1395
9032
8410
2645
2709
2898
2550
4393
5461
1856
7500
3161
3984
9297
7865
825
2414
5948
5251
7743
612
2066
3538
7834
8362
4844
1595
2395
7300
6068
8635
9224
6895
47
8220
1094
1530
8759
551
548
7870
3479
3142
919
5675
5824
3636
4879
1072
4537
1924
6744
3958
8899
2843
8044
8394
9034
219
2150
774
5783
573
9874
5531
9378
1481
1728
8589
1493
837
5384
91
1852
1144
7767
2137
2505
2410
8583
8908
436
3018
2493
3377
5439
4971
395
4698
3831
5932
8742
5990
4406
9203
8610
380
7718
6133
1561
9188
3792
8916
7770
9842
7586
7717
974
2464
5439
8269
4086
7110
9217
8120
8721
4713
7866
7286
7162
1581
4023
4355
2141
4088
5861
6225
458
981
9406
7571
3650
802
7932
9704
9054
3303
2942
3843
9008
8802
6792
9683
4577
7315
3988
3556
8073
961
6343
1409
9453
4456
351
2771
6354
8528
8200
6187
8623
4459
2990
4424
1617
5658
4508
3014
9113
7052
4915
4211
9408
5541
598
6575
4314
8615
3714
9535
216
2383
3115
9806
2071
8190
4690
2545
7607
8690
147
5125
8422
289
7354
2600
5994
2018
8053
3936
3597
8232
4069
3228
178
7179
94
4037
8279
1956
1790
9072
7299
1637
8522
6307
3326
8243
4340
2465
3584
242
1961
4868
1617
8907
8070
806
6944
2332
6203
7116
5408
9340
2696
5552
3948
2249
6628
6393
2186
7408
9276
5753
205
489
3112
595
8901
5468
5737
9990
1618
707
559
5899
6630
3022
2151
8807
456
1997
8450
1453
3716
4094
4000
1811
8479
4035
7387
6143
4697
2335
8385
5983
2155
3293
505
5682
8912
7468
7398
4245
496
2747
9897
1422
5624
7229
5728
3631
8325
7689
1149
6807
1678
7794
7906
4267
8882
2877
8360
9484
4710
1492
6159
8325
4865
6518
6224
3956
3491
2680
3102
7042
2303
5341
3723
8097
7338
461
1894
5681
3372
757
3057
5598
6419
6986
5185
9530
2646
2571
2464
5891
9911
6403
7468
5424
2994
3416
4578
5261
3442
6419
4309
112
1395
7276
8184
2568
1394
8497
2412
7394
2096
2210
1586
2071
5685
4589
9154
2181
850
3633
9252
6167
4863
4641
2652
1268
9395
3655
1507
4498
6721
6946
5520
372
6239
9357
453
6423
4690
5661
4182
9093
2566
759
3364
2676
6906
6060
3800
6255
7720
9027
6155
5246
8593
2977
3665
6436
5815
6343
1015
8549
9860
791
1698
5986
5560
804
3558
6131
3872
2934
3096
1855
3393
7031
8091
5883
5621
4685
6774
333
9068
9460
5879
6411
5379
4215
8529
581
6290
5307
8385
2604
9935
3513
7695
3165
1937
5317
6287
9518
5295
783
70
6756
3350
966
6826
7823
777
8852
1651
5219
9907
4666
5342
1091
5016
8584
5088
7355
5049
3177
3334
2282
4055
7945
5963
3770
7950
2148
5652
5342
7411
2877
7989
3832
6665
4327
4390
7236
476
7492
2080
500
2000
3431
5234
888
4404
3528
2256
3865
8992
3252
3722
5155
3982
589
987
2701
3301
485
4552
8710
5247
3571
824
5534
9901
7328
6195
9902
9857
225
4531
4645
472
5969
295
9904
4154
9817
8695
4468
8202
9103
9889
7131
1113
905
114
4329
7
5324
5520
6634
2713
4646
6500
9083
3446
3203
2965
4257
5915
8496
4687
457
7647
8682
1987
7405
160
7826
3560
8960
9276
335
5215
935
8220
624
8404
8723
3995
2877
2368
2271
2532
2856
9099
5074
4841
6774
1519
962
6224
4932
2297
2998
536
9383
9160
4309
57
244
8327
1584
4921
537
8119
4041
1675
4086
8933
5023
290
4763
7100
3879
6580
6864
5763
9576
7402
9195
8983
4595
9171
993
5347
1102
2855
6796
5723
8379
8425
7541
1513
9849
838
6799
2990
8711
443
1424
6170
2848
5427
5516
6487
2344
1277
2271
6576
593
5276
7639
7647
2954
7160
8380
8915
4197
5969
8749
9824
7700
5940
9993
8241
511
6167
614
3496
3236
14
3585
8582
7211
4400
6850
4855
3541
9731
3211
9140
2609
6627
8334
1372
4826
4034
9544
636
8000
26
1694
8267
3682
2670
8802
6227
5365
8510
1154
4825
3524
2297
6557
7838
8756
7533
8083
5582
3730
1514
2168
5205
7387
1364
1012
2641
1719
7351
1962
4499
5635
2133
9171
1631
8010
8971
6375
3907
8800
7938
9111
8309
2251
4913
6617
7236
5614
3791
9665
8816
7091
2966
5273
6566
4484
8755
4829
6692
2661
6634
4341
7611
9394
5543
3360
4498
7105
8767
393
4166
3268
9205
1033
4975
5645
1032
9241
382
2478
6697
3809
6147
6284
6075
7858
2075
2735
5123
9341
3463
3769
4719
3758
9880
1568
3299
856
3670
3354
2190
9758
2783
8404
5787
1515
4188
5007
5924
6335
8271
343
3872
6343
8649
6097
461
760
4873
6865
4137
6951
7567
2773
5898
5672
1134
4162
6414
849
2447
9273
4252
1498
8962
6181
7417
9539
2160
2339
2151
8081
3788
4415
5656
2951
2024
1879
9472
6062
6131
5886
4472
1361
7968
2911
9039
3927
3986
6604
1099
1981
5603
3026
173
2367
9636
1594
1315
9011
4607
4367
2423
8499
24
1735
8292
3941
2274
1057
1272
7240
6317
1337
1829
2893
6493
8938
1154
5520
4951
8001
4175
6081
8644
5929
8501
9540
4904
8441
7052
2513
6572
3238
9334
5624
727
2390
1480
6101
9419
4979
3913
2267
7564
6247
5619
9825
7003
7098
4999
8998
4017
9974
237
4354
8599
4019
6425
4218
6434
2388
9448
7487
7340
9388
6282
6356
4445
558
7914
4027
9049
8305
7288
9483
723
3116
8247
4831
9743
6275
3474
206
7188
5918
650
8546
2736
786
5579
695
3222
2911
4285
226
6035
7446
7157
8620
3503
900
7179
3946
4606
5071
9063
8058
6358
731
3525
5548
7290
9578
8999
9082
9109
3550
3353
7286
5283
1148
864
9151
6793
9695
3932
287
6085
3350
861
8195
3152
1963
1521
664
223
8785
9259
5007
5833
9193
8624
3900
5699
625
2394
3809
9607
234
2735
7394
5603
1172
3532
8613
110
4248
2971
8360
1189
9922
949
6510
3668
2345
6096
647
6176
5420
2584
7595
4449
5530
5164
1427
5340
270
7680
5877
7742
6181
320
5898
726
1742
9044
6237
3097
574
8318
5394
1097
5532
2800
3104
4383
9279
3787
9180
6645
8674
4691
3252
3040
6577
3838
1493
1531
6260
5435
8986
9519
4901
3631
6081
4862
7166
3658
7691
6591
2004
5688
1520
6179
2170
4980
8109
7142
9044
9927
8124
2801
6377
9022
5821
6909
5283
5466
3846
5810
9687
3840
5220
2413
1643
9520
7757
2336
3945
3219
3044
5475
5199
574
1768
2632
1071
9188
3994
4396
7082
7927
8681
1033
2676
7582
4715
7801
6852
51
7002
9701
731
9347
3160
1676
5326
2152
8993
7503
6369
5140
2684
7545
6658
9203
1453
251
4095
5091
4618
3893
5350
6704
3016
17
6903
3112
6769
7818
327
7805
3924
3594
3892
8553
5162
7920
9392
1675
2064
1728
3228
1631
9814
1685
8290
6716
7539
706
8207
1175
3426
7190
3163
9014
6285
7517
8230
9902
9236
835
8001
6413
9994
4579
9814
8756
5629
2958
6278
5788
9792
1816
9453
8026
6502
6108
1843
7213
9677
2975
7457
3171
1781
9346
1486
3339
8332
7921
2406
7654
887
5976
6742
3655
2510
3061
7542
2553
3045
2329
9747
5648
819
5625
6168
7751
897
625
6856
4537
6272
1175
9019
6619
1975
2317
7075
9398
4168
5728
5225
3154
7902
4830
4441
7470
6134
9956
5127
5581
166
6085
5420
2778
686
4551
273
6044
8938
1688
3959
468
6577
6718
3072
9843
4717
475
6541
6377
7639
5311
8085
9592
4222
1656
3663
6663
3380
1972
4317
178
1749
5319
117
4095
2661
7656
4188
5851
4405
1333
5201
3
9698
2855
8500
4575
4122
9953
2977
7496
6571
4866
5677
9914
1274
7466
668
6341
2125
8297
7244
7614
7606
2482
2097
1458
844
2782
8782
4106
6295
5373
6221
4041
456
6392
5275
6179
19
1746
6019
2712
298
1917
4949
4302
7575
8728
3267
9533
6277
774
7192
8931
3196
1914
8357
8392
8439
7438
6457
1260
3588
6435
7197
1868
4039
835
761
8819
9387
8770
3654
4093
422
2323
3377
1687
4056
5479
409
7058
8864
1024
6901
8951
8379
1459
5397
5108
2890
5724
2019
6596
7342
9772
7397
1037
211
2941
3651
9155
4294
5734
4767
4874
6661
2473
4038
2552
7505
5002
8961
9113
2882
2811
7992
6188
872
9826
820
5163
2409
556
1807
6808
2891
7562
1355
2594
6320
5418
9931
6055
9913
