1000
427
8021
7183
2709
2886
9605
9007
6025
4529
5499
4725
7009
9594
4986
6728
1766
4167
3454
3854
796
1453
3613
2208
8916
2706
9163
4586
3722
1402
9337
8767
2795
8478
6716
9866
2056
8876
6806
1055
1359
5191
9539
6607
2012
3598
6913
2874
4588
4730
7644
495
8329
7777
2614
4655
4519
4249
7520
8176
9145
6006
488
589
3825
8963
8447
731
1491
6831
5765
9606
724
4143
7250
6825
8308
5202
9716
3837
9333
466
6001
7913
5239
9269
696
5960
7938
6083
9096
4104
8639
8562
3932
3822
7492
8238
7969
1222
8970
2932
3286
9672
7355
7229
3855
4679
2637
2936
7078
4628
4854
6864
7838
9551
2892
6509
7701
8157
2890
7910
9526
7541
6576
9124
5864
5108
4408
2033
2215
2096
7440
9807
8509
9994
9081
8278
6652
1788
7083
9925
2794
9346
8755
9178
8954
5030
2938
4924
3443
4419
4211
1445
1055
7723
4032
6654
5474
548
3057
9746
8693
5821
7771
1236
2702
8190
8753
8605
5326
1197
3922
8285
3655
5613
2734
8771
9127
5793
8278
3976
9845
7135
5199
5125
9575
5263
1123
9972
3469
9906
3396
5476
190
1744
558
2087
8462
1817
5656
9542
8536
2941
5558
9492
5358
4952
6190
7823
6714
1605
980
5059
7999
1043
5909
7080
8865
357
876
8540
6318
5795
7733
9148
1127
8557
3788
4363
6367
6208
7953
5093
5792
1297
1370
5501
6132
7175
2596
5971
5798
7957
3448
3857
3717
7589
6902
3876
7378
2768
9985
2072
1799
601
7191
6012
2788
1161
7498
245
6711
9973
4224
5727
7367
253
468
8670
5966
718
3334
18
4208
8918
1958
1416
3404
679
2328
1165
4926
7300
3668
9869
9326
1097
8286
5546
7625
9416
6173
8537
6793
4590
7929
7831
3156
7956
8774
9593
2590
4272
6056
3696
3964
764
7090
9530
6534
142
222
7397
1912
6455
251
1679
2518
5256
1310
1306
5145
5885
8135
8107
9514
8125
8258
2417
3209
7626
4725
4690
7802
4243
6844
4145
829
4826
8287
2284
2233
7407
7533
274
7525
6682
3496
2050
4658
1336
5308
7470
1336
1821
4445
8383
5084
8328
9180
7729
1803
2852
4581
3599
7701
922
6921
1146
7240
2884
6387
2722
5032
8877
7912
1783
8713
1012
1008
7033
9113
8367
2972
9180
7916
4843
3027
2248
4724
4450
7853
6508
4013
2054
9307
5234
7731
6841
4080
3070
2449
4479
1904
2016
3911
9771
1396
569
823
6214
2151
6138
4636
4175
9425
4839
5111
7564
2301
3291
4775
1262
7448
805
6756
5571
3641
4736
5417
1012
8679
7473
4283
4063
3180
249
1466
6479
9684
4522
1732
9863
9329
4055
1744
4942
8223
8692
7917
2499
8159
7340
5624
1682
2978
6049
7876
3679
4980
845
7897
3583
9762
5576
9883
7367
3113
6867
8934
3148
8717
16
7635
2872
7970
1157
8698
1358
9355
5365
4004
7925
3276
5518
5515
769
6142
770
9568
8175
4447
3213
7033
7326
324
6917
3589
1259
9148
2736
2413
6661
3201
287
7865
4768
6094
2007
1244
9013
9992
1040
1566
9078
6938
3479
116
6446
4929
174
1741
2183
480
2036
2139
8597
8129
3311
7324
2688
9401
2820
6709
6800
8439
8697
2186
3361
4473
4403
92
917
5354
1993
5999
1240
28
265
2375
1599
4126
776
3359
7994
954
1141
8405
5129
254
6615
1909
8538
964
6821
8481
2080
8688
9396
8874
9983
3670
1019
7677
9540
5158
3410
6525
7234
4053
2537
5433
3015
1401
4421
9129
8669
9712
4469
9418
2348
3182
6755
4388
3628
3409
8661
6197
777
8242
3667
5532
2783
731
8884
8067
3941
9103
4769
5402
438
4522
187
5004
2394
775
536
5120
4019
3400
2232
8895
5715
5685
2614
7228
5035
1892
3817
2101
1278
1745
7323
9493
37
9098
5921
9811
1691
5370
2649
8730
7752
4704
9074
6454
6219
8827
3301
6072
4817
1748
6001
6518
9698
3608
2228
9074
7258
1681
4677
7333
4789
7344
5678
8376
6116
5480
856
975
2252
9914
110
2675
3373
1849
3524
7818
9456
2889
4352
7988
1514
8297
2534
6757
5469
9322
4097
6298
3838
8763
4685
2714
2081
7075
1330
234
1120
6298
4651
6317
8091
6883
5397
4919
8985
3930
3923
3052
1628
9270
2974
665
8355
7148
5577
9774
8073
8496
1442
9879
634
8104
9445
790
1526
1151
9515
8319
6814
5666
1791
8400
8764
906
3553
9658
3007
471
9620
5568
2387
5222
9250
2667
6591
9327
9247
5447
4888
6941
6634
2142
963
8106
5920
975
360
8535
3563
9211
4338
133
264
2604
4754
371
5478
9713
6132
8612
7866
9418
8393
5532
7408
8125
4035
7895
203
9475
991
8550
3982
579
2525
1783
1171
4872
7227
2239
4296
9905
111
1431
8682
7973
6979
2576
4489
3936
507
2325
8875
3471
626
9212
7532
6932
3586
3608
2339
8006
3923
8590
8224
9769
9707
2241
1890
7525
7011
4684
6805
8518
6218
7740
9400
9247
6866
4472
7612
2683
8856
381
3401
2290
1250
6218
6523
7572
8225
3781
2969
4357
4406
1865
8678
1333
2273
7709
7248
5210
9652
8593
6582
989
1686
2023
5127
1086
3171
2556
4390
2229
4545
4898
905
4598
6317
747
4848
2528
5924
2660
8834
8834
1070
7996
5315
9146
1316
2639
3363
3612
6786
7955
6688
1531
9192
4414
1531
6999
8298
130
7576
2659
6983
3094
3887
209
727
8083
1471
9853
5358
3224
8194
2419
2061
6970
620
4478
1463
1051
1069
9021
6833
53
5206
3668
9955
9780
632
4237
5947
3709
1480
2936
7985
8687
5502
6422
6324
1669
6461
3790
9907
5908
8957
4491
7833
1943
2436
9090
7647
7845
5315
7091
6149
4732
1036
2059
7580
2172
8305
692
6506
5026
5848
4858
1696
6623
9836
3706
489
9269
9069
5209
8808
4174
326
1710
2708
2184
1647
6509
8256
1409
6105
7441
4979
9323
6199
6117
7510
2443
1756
9392
7419
3956
9967
3243
9947
8267
8027
6383
5976
8407
